# File created = Wednesday, January 8, 2025 at 1:59:18 PM Central European Standard Time
# Data set = COST_400  7  1  D:\widma\BEST-CSP
# Spectral Region:
# LEFT = 200.0 ppm. RIGHT = 0.0 ppm.
#
# SIZE = 7387 ( = number of points)
#
# In the following ordering is from the 'left' to the 'right' limits!
# Lines beginning with '#' must be considered as comment lines.
#
-110135.8125
-110083.21875
-113337.59375
-119013.0
-126073.71875
-133390.625
-139847.75
-144551.53125
-147103.34375
-147810.0625
-147690.0
-148200.84375
-150750.03125
-156170.1875
-164390.28125
-174462.5
-184947.0
-194481.40625
-202263.5
-208209.625
-212712.75
-216134.46875
-218320.78125
-218442.0
-215307.53125
-208057.09375
-196906.9375
-183548.0
-170911.15625
-162293.4375
-160152.96875
-165079.28125
-175420.5
-187793.0
-198317.9375
-204091.78125
-204265.4375
-200254.125
-194968.46875
-191393.8125
-191144.59375
-193648.28125
-196345.375
-195842.4375
-189525.0
-176919.21875
-160187.78125
-143515.78125
-131623.4375
-128021.59375
-133735.46875
-147015.1875
-164126.1875
-180854.03125
-194072.21875
-202723.0625
-207843.625
-211694.71875
-216431.125
-222922.71875
-230234.71875
-235960.75
-237225.25
-231896.125
-219489.78125
-201414.875
-180501.34375
-160055.625
-142847.65625
-130412.90625
-122874.03125
-119251.0625
-118039.96875
-117781.03125
-117406.96875
-116312.90625
-114235.78125
-111101.875
-106976.78125
-102152.5625
-97299.0625
-93545.09375
-92373.96875
-95303.65625
-103429.96875
-116990.78125
-135119.0625
-155894.1875
-176695.5625
-194760.6875
-207783.84375
-214389.21875
-214361.5625
-208598.09375
-198825.84375
-187183.53125
-175785.1875
-166365.03125
-160063.875
-157367.0625
-158163.53125
-161871.71875
-167577.5625
-174152.8125
-180354.03125
-184932.40625
-186792.03125
-185211.875
-180099.6875
-172193.8125
-163101.0
-155081.78125
-150569.53125
-151520.875
-158790.90625
-171765.1875
-188424.25
-205878.0625
-221229.84375
-232485.34375
-239181.34375
-242490.78125
-244752.40625
-248590.65625
-255954.09375
-267429.8125
-282080.59375
-297839.03125
-312273.65625
-323405.5625
-330258.25
-332957.96875
-332406.8125
-329728.28125
-325763.28125
-320840.375
-314895.0
-307838.53125
-299963.3125
-292161.4375
-285830.09375
-282486.125
-283243.78125
-288367.34375
-297074.71875
-307664.625
-317919.28125
-325647.34375
-329206.375
-327875.1875
-322007.375
-312955.28125
-302793.875
-293895.5
-288423.21875
-287833.46875
-292501.125
-301582.875
-313195.5625
-324899.8125
-334367.21875
-340018.9375
-341403.65625
-339160.4375
-334567.875
-328857.90625
-322588.0625
-315361.28125
-306044.78125
-293421.4375
-277000.5625
-257618.625
-237524.625
-219852.46875
-207646.59375
-202814.5
-205431.90625
-213699.40625
-224589.71875
-234944.65625
-242599.3125
-247102.0625
-249765.21875
-253048.78125
-259533.90625
-270882.5625
-287158.0
-306717.6875
-326666.25
-343664.09375
-354796.84375
-358240.46875
-353571.375
-341711.9375
-324606.03125
-304762.625
-284788.34375
-266986.125
-253056.65625
-243919.375
-239666.1875
-239657.8125
-242752.34375
-247622.5625
-253083.03125
-258337.59375
-263079.6875
-267432.375
-271772.6875
-276522.4375
-281983.21875
-288255.09375
-295224.375
-302574.625
-309778.90625
-316070.4375
-320436.21875
-321699.6875
-318732.5625
-310771.59375
-297742.21875
-280452.8125
-260550.65625
-240217.09375
-221691.40625
-206793.15625
-196618.28125
-191505.53125
-191243.65625
-195375.8125
-203417.78125
-214864.5625
-228989.90625
-244580.53125
-259815.28125
-272455.78125
-280370.75
-282234.71875
-278115.8125
-269663.53125
-259745.46875
-251605.09375
-247826.375
-249495.0
-255886.375
-264808.53125
-273466.28125
-279504.84375
-281826.34375
-280875.0625
-278313.125
-276252.65625
-276375.5625
-279289.0
-284340.9375
-289917.4375
-294055.4375
-295105.8125
-292204.125
-285419.5
-275597.96875
-264022.75
-252048.4375
-240825.34375
-231156.0
-223459.0625
-217790.375
-213885.65625
-211221.53125
-209113.9375
-206862.59375
-203920.46875
-200034.0625
-195296.4375
-190084.9375
-184910.65625
-180253.65625
-176466.09375
-173788.59375
-172455.3125
-172801.9375
-175276.4375
-180297.28125
-187994.5
-197954.21875
-209122.3125
-219974.03125
-228941.3125
-234957.65625
-237896.71875
-238697.9375
-239088.5
-240983.78125
-245797.59375
-253945.34375
-264750.15625
-276787.125
-288505.78125
-298842.78125
-307541.5625
-315031.9375
-321933.625
-328432.90625
-333854.59375
-336673.15625
-335008.78125
-327423.8125
-313679.75
-295105.25
-274375.78125
-254747.15625
-239019.84375
-228632.625
-223241.40625
-220947.46875
-219084.03125
-215251.375
-208203.46875
-198260.625
-187119.8125
-177170.40625
-170604.375
-168666.53125
-171310.1875
-177349.34375
-185004.96875
-192607.03125
-199180.125
-204711.5625
-210034.6875
-216402.9375
-224926.9375
-236072.6875
-249376.53125
-263448.375
-276243.28125
-285513.15625
-289314.0625
-286446.34375
-276729.46875
-261054.65625
-241205.75
-219487.96875
-198247.96875
-179398.59375
-164068.0
-152465.28125
-143999.59375
-137615.125
-132235.53125
-127175.1875
-122382.0625
-118435.53125
-116307.34375
-116977.4375
-121048.75
-128501.21875
-138672.15625
-150463.96875
-162695.90625
-174465.28125
-185384.09375
-195606.5
-205641.46875
-216023.46875
-226962.15625
-238099.25
-248461.59375
-256636.59375
-261126.125
-260783.84375
-255215.5625
-245031.5
-231873.96875
-218193.3125
-206804.46875
-200307.375
-200495.09375
-207889.5
-221529.90625
-239092.25
-257340.4375
-272823.625
-282658.3125
-285196.09375
-280397.40625
-269804.625
-256120.75
-242512.84375
-231839.96875
-226021.78125
-225712.25
-230342.375
-238478.34375
-248352.15625
-258384.65625
-267546.5
-275474.21875
-282346.46875
-288599.03125
-294594.09375
-300353.78125
-305434.59375
-308969.1875
-309857.75
-307055.96875
-299887.28125
-288298.6875
-272984.34375
-255323.1875
-237118.125
-220182.71875
-205881.28125
-194767.5625
-186460.5
-179832.8125
-173482.125
-166338.75
-158190.65625
-149912.15625
-143277.71875
-140400.875
-142993.71875
-151730.75
-165972.65625
-183966.1875
-203437.15625
-222322.4375
-239320.53125
-254019.6875
-266555.96875
-276979.78125
-284663.28125
-288085.3125
-285172.25
-274116.65625
-254353.53125
-227260.53125
-196226.0625
-165972.15625
-141331.09375
-125914.3125
-121174.78125
-126212.3125
-138369.96875
-154346.96875
-171352.09375
-187829.625
-203501.25
-218784.6875
-233929.96875
-248329.34375
-260357.34375
-267835.96875
-268915.96875
-262964.5
-251040.21875
-235722.9375
-220355.625
-208015.1875
-200638.40625
-198643.71875
-201153.96875
-206656.40625
-213758.21875
-221689.03125
-230357.15625
-240002.9375
-250688.53125
-261926.96875
-272657.46875
-281575.59375
-287632.34375
-290424.90625
-290262.78125
-287870.09375
-283888.625
-278462.40625
-271156.28125
-261289.28125
-248539.78125
-233513.8125
-217951.46875
-204397.78125
-195415.78125
-192654.5
-196184.1875
-204421.1875
-214717.28125
-224393.21875
-231788.8125
-236879.375
-241189.5
-247036.09375
-256425.625
-270080.09375
-287007.96875
-304797.125
-320494.1875
-331688.09375
-337341.875
-338042.25
-335600.25
-332215.1875
-329584.96875
-328339.875
-328004.25
-327440.75
-325520.1875
-321683.375
-316143.03125
-309669.5
-303112.625
-296934.125
-291005.09375
-284775.84375
-277726.46875
-269855.625
-261934.5625
-255363.0
-251656.90625
-251786.125
-255669.25
-262079.1875
-269035.3125
-274539.03125
-277345.71875
-277438.09375
-275987.6875
-274812.5625
-275561.5
-278979.375
-284575.46875
-290842.5625
-295928.84375
-298464.59375
-298171.125
-295976.09375
-293576.5625
-292640.90625
-294006.96875
-297243.03125
-300783.40625
-302596.125
-301102.84375
-295950.46875
-288292.03125
-280441.84375
-275039.84375
-274071.125
-278146.59375
-286331.96875
-296570.75
-306490.8125
-314229.84375
-318930.46875
-320730.28125
-320320.4375
-318349.78125
-315011.40625
-310037.65625
-303100.65625
-294384.9375
-284982.0
-276819.625
-272061.78125
-272190.25
-277179.40625
-285186.03125
-292984.875
-297056.21875
-294923.15625
-286185.3125
-272785.25
-258344.9375
-246799.03125
-240858.6875
-240927.59375
-244916.21875
-249032.0625
-249223.0
-242687.25
-228851.75
-209458.53125
-187780.28125
-167343.125
-150712.21875
-138829.8125
-131122.5
-126246.28125
-123071.25
-121432.78125
-122314.90625
-127407.59375
-138265.34375
-155458.75
-178095.71875
-203911.0625
-229875.1875
-253066.15625
-271468.53125
-284424.40625
-292625.96875
-297718.28125
-301702.75
-306357.21875
-312828.5
-321456.46875
-331804.65625
-342832.40625
-353147.3125
-361296.03125
-366060.71875
-366717.875
-363196.1875
-356069.65625
-346359.3125
-335186.46875
-323396.34375
-311305.8125
-298698.84375
-285095.46875
-270197.0
-254317.1875
-238595.3125
-224868.75
-215225.15625
-211394.9375
-214217.71875
-223385.5
-237545.90625
-254696.78125
-272691.09375
-289650.0625
-304157.0
-315232.90625
-322205.28125
-324621.71875
-322305.8125
-315541.84375
-305267.59375
-293115.125
-281193.75
-271631.09375
-266019.125
-264977.1875
-268010.0625
-273716.53125
-280252.3125
-285847.15625
-289169.59375
-289427.96875
-286240.3125
-279423.59375
-268879.78125
-254679.5625
-237302.03125
-217863.59375
-198131.3125
-180196.875
-165855.5
-155906.03125
-149677.28125
-145032.9375
-138929.65625
-128370.84375
-111421.46875
-87906.40625
-59532.5
-29401.625
-1118.71875
22158.96875
38394.21875
46876.21875
47988.09375
42739.21875
32331.28125
17954.90625
856.0
-17451.84375
-35036.65625
-49633.3125
-59011.90625
-61518.375
-56573.375
-44912.75
-28454.5
-9829.40625
8252.75
23577.96875
34763.625
41291.375
43300.21875
41282.65625
35831.9375
27524.46875
16933.875
4704.1875
-8404.4375
-21551.1875
-33923.40625
-44868.3125
-53987.65625
-61165.125
-66540.53125
-70472.375
-73523.15625
-76464.875
-80258.21875
-85943.53125
-94409.5625
-106071.875
-120566.15625
-136597.25
-152059.3125
-164453.4375
-171510.125
-171828.125
-165311.4375
-153244.4375
-137969.0625
-122269.5
-108672.0
-98888.3125
-93564.875
-92378.375
-94391.3125
-98501.0625
-103807.875
-109787.84375
-116251.59375
-123155.28125
-130376.0
-137554.3125
-144059.53125
-149073.1875
-151743.40625
-151349.46875
-147431.4375
-139868.09375
-128908.46875
-115169.46875
-99603.90625
-83430.53125
-68014.46875
-54698.5
-44607.5
-38472.96875
-36531.0625
-38533.1875
-43873.15625
-51792.3125
-61591.21875
-72771.90625
-85057.4375
-98284.3125
-112215.28125
-126358.15625
-139881.28125
-151685.625
-160635.15625
-165882.0625
-167174.3125
-165024.8125
-160654.65625
-155698.03125
-151742.0
-149844.1875
-150195.65625
-152059.78125
-154030.78125
-154543.4375
-152470.1875
-147601.28125
-140835.15625
-134004.125
-129388.96875
-129084.84375
-134431.8125
-145689.34375
-162037.40625
-181859.71875
-203167.5625
-223991.0625
-242610.75
-257600.84375
-267757.78125
-272043.375
-269652.03125
-260227.21875
-244145.375
-222711.25
-198112.34375
-173066.28125
-150231.46875
-131573.4375
-117926.875
-108935.40625
-103405.3125
-99935.28125
-97560.21875
-96134.78125
-96289.46875
-98982.3125
-104853.40625
-113689.96875
-124269.4375
-134686.875
-143052.3125
-148264.875
-150515.9375
-151272.9375
-152710.625
-156797.75
-164406.84375
-174822.15625
-185866.78125
-194617.90625
-198436.46875
-195907.0625
-187321.1875
-174528.3125
-160236.40625
-147063.875
-136728.15625
-129677.96875
-125271.25
-122365.71875
-120024.75
-118017.9375
-116913.65625
-117761.71875
-121550.03125
-128709.1875
-138892.59375
-151111.5
-164126.65625
-176879.9375
-188746.84375
-199500.5
-209041.78125
-217082.90625
-223004.90625
-226019.78125
-225601.3125
-221984.28125
-216458.59375
-211243.9375
-208907.15625
-211498.8125
-219740.40625
-232610.3125
-247539.90625
-261193.09375
-270563.53125
-273987.875
-271698.96875
-265723.5625
-259183.15625
-255281.375
-256362.6875
-263368.46875
-275832.34375
-292332.15625
-311146.28125
-330816.5
-350404.6875
-369395.46875
-387364.625
-403627.53125
-417068.34375
-426249.875
-429766.0625
-426691.0
-416943.5
-401428.59375
-381909.40625
-360658.875
-340000.3125
-321859.84375
-307426.09375
-296972.90625
-289866.125
-284752.1875
-279904.71875
-273676.96875
-264966.53125
-253565.1875
-240265.46875
-226644.96875
-214554.9375
-205458.21875
-199851.5625
-197009.1875
-195186.15625
-192244.75
-186484.9375
-177351.875
-165715.8125
-153578.0625
-143289.03125
-136576.5
-133778.59375
-133607.65625
-133562.21875
-130839.96875
-123397.96875
-110745.78125
-94168.90625
-76312.78125
-60312.59375
-48819.03125
-43282.375
-43720.25
-48977.4375
-57289.375
-66871.125
-76296.34375
-84575.125
-91004.34375
-94968.625
-95867.15625
-93241.25
-87040.5
-77864.09375
-67004.71875
-56209.6875
-47213.5625
-41219.65625
-38549.1875
-38616.6875
-40254.0625
-42252.90625
-43899.90625
-45280.5
-47221.65625
-50895.1875
-57239.1875
-66427.78125
-77597.28125
-88940.9375
-98150.125
-103062.5
-102313.84375
-95793.84375
-84768.3125
-71626.6875
-59314.625
-50593.40625
-47316.65625
-49918.84375
-57267.3125
-66943.65625
-75906.78125
-81373.0625
-81668.15625
-76789.28125
-68485.625
-59804.6875
-54222.28125
-54617.1875
-62411.71875
-77149.34375
-96635.90625
-117580.65625
-136509.1875
-150641.84375
-158465.53125
-159855.125
-155769.96875
-147693.46875
-137050.15625
-124806.09375
-111358.03125
-96692.875
-80699.59375
-63478.0
-45514.34375
-27664.40625
-10964.03125
3653.21875
15629.65625
24959.78125
32219.53125
38443.0
44882.375
52715.1875
62776.625
75388.9375
90336.125
106990.875
124551.59375
142306.6875
159829.625
177031.625
194057.125
211076.71875
228084.15625
244808.8125
260806.3125
275703.59375
289490.6875
302713.84375
316455.25
332078.65625
350835.78125
373508.90625
400267.71875
430831.53125
464888.0
502587.40625
544877.75
593497.9375
650595.25
718108.71875
797185.34375
887904.71875
989470.0
1100822.625
1221446.53125
1352027.0625
1494676.15625
1652606.5
1829365.78125
2027925.8125
2249978.84375
2495702.3125
2764049.75
3053402.625
3362269.875
3689711.96875
4035294.84375
4398589.0
4778425.90625
5172230.59375
5575719.6875
5983113.40625
6387814.21875
6783340.5
7164225.5625
7526626.8125
7868505.90625
8189390.25
8489847.15625
8770857.53125
9033260.53125
9277372.5625
9502799.65625
9708398.71875
9892313.75
1.00520249375E7
1.018438565625E7
1.028566475E7
1.03516433125E7
1.0377820125E7
1.035975815625E7
1.02935593125E7
1.01764003125E7
1.00070175E7
9786014.1875
9515889.3125
9200756.875
8845815.9375
8456717.8125
8039017.96875
7597876.75
7138084.59375
6664363.0625
6181781.0625
5696075.125
5213695.46875
4741511.34375
4286247.75
3853838.5
3448912.5
3074569.75
2732477.65625
2423185.34375
2146474.5625
1901579.875
1687204.1875
1501387.0625
1341379.15625
1203692.9375
1084420.34375
979773.96875
886681.28125
803206.125
728620.6875
663081.71875
607024.875
560504.1875
522724.1875
491929.625
465675.3125
441353.78125
416777.375
390615.1875
362563.46875
333237.09375
303858.4375
275860.4375
250508.75
228610.09375
210336.4375
195179.53125
182045.4375
169494.625
156100.8125
140854.03125
123482.84375
104562.75
85329.125
67224.1875
51332.21875
37937.3125
26420.1875
15584.84375
4317.09375
-7695.28125
-19517.40625
-29050.90625
-33688.9375
-31329.8125
-21353.03125
-5139.40625
14122.5625
32317.78125
45661.28125
51856.625
50714.6875
44012.15625
34674.78125
25635.09375
18821.34375
14645.84375
12127.0
9508.71875
5056.71875
-2313.78125
-12796.1875
-25844.9375
-40551.71875
-56003.9375
-71447.0625
-86219.75
-99576.71875
-110580.65625
-118197.3125
-121598.0625
-120537.28125
-115603.0
-108179.59375
-100092.5625
-93059.625
-88172.53125
-85626.40625
-84803.46875
-84658.21875
-84222.71875
-83008.6875
-81150.90625
-79266.8125
-78140.25
-78403.375
-80365.09375
-84040.03125
-89318.375
-96150.1875
-104624.3125
-114895.0
-127002.6875
-140698.625
-155381.65625
-170194.6875
-184243.375
-196838.46875
-207656.28125
-216759.03125
-224490.34375
-231314.21875
-237676.0625
-243927.59375
-250301.125
-256885.03125
-263558.5
-269892.59375
-275081.09375
-277988.5625
-277371.46875
-272247.6875
-262298.3125
-248136.96875
-231306.78125
-213964.78125
-198342.8125
-186174.65625
-178299.1875
-174574.9375
-174110.59375
-175685.25
-178167.9375
-180773.875
-183095.34375
-184964.96875
-186282.59375
-186930.21875
-186820.40625
-186022.84375
-184850.15625
-183800.25
-183339.21875
-183620.59375
-184302.75
-184606.375
-183641.90625
-180890.3125
-176613.6875
-171968.21875
-168706.28125
-168539.90625
-172407.28125
-179955.125
-189478.03125
-198372.4375
-203943.5
-204253.8125
-198685.5
-188014.9375
-174005.875
-158722.5
-143856.625
-130324.65625
-118241.625
-107205.34375
-96701.0625
-86419.875
-76368.59375
-66777.6875
-57920.875
-49989.4375
-43111.65625
-37506.6875
-33674.1875
-32490.625
-35124.4375
-42770.65625
-56289.84375
-75879.96875
-100891.78125
-129840.46875
-160599.25
-190718.78125
-217806.78125
-239912.90625
-255871.15625
-265541.65625
-269874.65625
-270720.71875
-270357.46875
-270801.25
-273088.09375
-276782.71875
-279954.46875
-279719.65625
-273234.96875
-258816.28125
-236757.65625
-209495.84375
-180998.25
-155561.0
-136455.1875
-124939.0625
-120017.0
-119023.84375
-118775.4375
-116802.15625
-112168.46875
-105583.46875
-98829.84375
-93829.5625
-91798.40625
-92859.78125
-96242.375
-100900.84375
-106208.9375
-112366.90625
-120331.0
-131322.28125
-146174.96875
-164849.46875
-186332.375
-208944.8125
-230883.375
-250725.9375
-267685.6875
-281551.125
-292419.0625
-300418.78125
-305596.875
-308007.1875
-307908.90625
-305900.40625
-302853.875
-299641.03125
-296782.375
-294222.1875
-291384.53125
-287520.03125
-282185.625
-275606.90625
-268712.125
-262786.75
-258901.4375
-257403.3125
-257753.25
-258833.25
-259609.5625
-259840.3125
-260461.90625
-263415.21875
-270926.1875
-284517.3125
-304168.65625
-328000.6875
-352631.78125
-374075.75
-388820.25
-394669.46875
-391064.09375
-378839.25
-359627.15625
-335237.0
-307302.25
-277302.875
-246850.3125
-217975.4375
-193157.84375
-174974.0625
-165450.21875
-165375.625
-173884.1875
-188519.59375
-205806.3125
-222148.96875
-234754.21875
-242271.125
-244959.90625
-244375.65625
-242713.375
-242054.3125
-243750.96875
-248115.90625
-254466.8125
-261474.8125
-267684.0
-272036.0625
-274239.375
-274866.625
-275143.15625
-276483.25
-279923.21875
-285652.96875
-292832.09375
-299786.375
-304536.59375
-305471.8125
-301905.15625
-294286.28125
-283984.5625
-272745.90625
-262074.40625
-252825.375
-245190.21875
-239054.6875
-234513.53125
-232231.84375
-233411.1875
-239320.96875
-250596.9375
-266661.5
-285595.6875
-304593.0625
-320836.21875
-332408.9375
-338810.0
-340811.09375
-339720.125
-336424.4375
-330724.0625
-321348.65625
-306717.6875
-286114.15625
-260687.4375
-233727.15625
-209956.96875
-194057.34375
-189017.40625
-195042.5625
-209531.0625
-228165.40625
-246656.03125
-262366.40625
-275094.53125
-286669.21875
-299569.03125
-315229.1875
-332852.59375
-349310.6875
-360218.875
-361727.96875
-352244.875
-333325.875
-309356.375
-286162.90625
-269150.625
-261721.875
-264556.28125
-275916.40625
-292696.3125
-311659.53125
-330324.6875
-347218.09375
-361571.28125
-372807.3125
-380213.0
-383021.21875
-380844.21875
-374162.34375
-364513.40625
-354175.875
-345412.15625
-339588.5625
-336585.8125
-334800.03125
-331768.875
-325167.96875
-313754.3125
-297861.375
-279260.15625
-260484.5
-243940.625
-231184.03125
-222630.40625
-217742.96875
-215521.875
-215010.96875
-215578.15625
-216878.90625
-218591.90625
-220129.28125
-220521.09375
-218568.78125
-213214.9375
-203966.34375
-191182.75
-176106.96875
-160625.375
-146848.90625
-136654.40625
-131311.21875
-131263.8125
-136082.375
-144559.125
-154921.90625
-165140.25
-173294.3125
-177951.0
-178462.90625
-175094.125
-168910.125
-161443.5
-154234.46875
-148404.375
-144414.03125
-142083.6875
-140836.5625
-140029.9375
-139205.21875
-138141.1875
-136707.21875
-134628.3125
-131331.15625
-126006.1875
-117909.1875
-106792.71875
-93269.53125
-78915.3125
-66017.5625
-57025.21875
-53881.75
-57473.1875
-67373.5625
-81952.5625
-98779.15625
-115171.46875
-128731.375
-137754.03125
-141470.96875
-140134.21875
-134952.5625
-127871.8125
-121178.90625
-116944.28125
-116393.8125
-119390.875
-124246.78125
-128022.65625
-127328.4375
-119420.90625
-103236.90625
-79962.53125
-52867.5
-26396.40625
-4801.71875
9195.65625
15218.28125
15204.125
12547.5
10738.84375
12023.96875
16585.28125
22530.1875
26653.90625
25652.0625
17313.4375
1269.65625
-20919.96875
-46304.84375
-71444.21875
-93329.03125
-110034.75
-120965.09375
-126714.6875
-128692.59375
-128678.75
-128438.75
-129447.25
-132710.0
-138656.65625
-147098.03125
-157270.71875
-168003.3125
-178009.6875
-186259.96875
-192324.21875
-196561.4375
-200056.9375
-204288.03125
-210596.34375
-219625.15625
-230910.21875
-242777.6875
-252614.1875
-257456.4375
-254743.78125
-243015.8125
-222344.25
-194358.59375
-161846.0625
-128036.71875
-95787.59375
-66916.4375
-41891.875
-19968.5625
295.5
20337.34375
40964.5625
62035.8125
82550.6875
101088.21875
116394.25
127861.78125
135705.6875
140774.90625
144113.28125
146496.125
148178.90625
148991.65625
148742.65625
147738.0625
147153.125
149043.125
155936.6875
170140.9375
193023.84375
224561.5
263337.90625
307008.28125
353059.90625
399604.625
445946.5
492775.3125
541984.625
596235.09375
658437.03125
731301.84375
817043.28125
917239.53125
1032830.96875
1164230.25
1311542.0625
1474894.75
1654859.84375
1852884.125
2071614.28125
2314991.0625
2588046.15625
2896434.125
3245830.5625
3641376.34375
4087316.53125
4586879.28125
5142312.96875
5754907.09375
6424812.8125
7150559.03125
7928295.125
8750919.65625
9607325.1875
1.048197221875E7
1.13549260625E7
1.22023870625E7
1.299766890625E7
1.371255003125E7
1.4318928E7
1.479070834375E7
1.510582415625E7
1.5248206625E7
1.520943925E7
1.49897889375E7
1.459835846875E7
1.4052263125E7
1.33749515625E7
1.25939935E7
1.173876071875E7
1.08383909375E7
9920264.8125
9009016.21875
8125929.0
7288518.4375
6510162.1875
5799784.9375
5161726.8125
4595964.125
4098777.125
3663808.625
3283309.375
2949295.75
2654392.0
2392265.21875
2157717.65625
1946599.3125
1755699.75
1582689.0
1426063.34375
1284991.03125
1158985.1875
1047442.375
949208.34375
862384.59375
784522.125
713180.96875
646640.9375
584437.09375
527430.90625
477317.9375
435730.9375
403302.6875
379099.65625
360691.4375
344844.1875
328546.1875
309924.78125
288668.65625
265803.4375
242969.6875
221573.21875
202214.1875
184639.375
168183.21875
152413.0
137593.0625
124686.03125
114856.78125
108715.9375
105692.0625
103881.3125
100505.0
92820.59375
79114.28125
59358.96875
35268.46875
9740.125
-14069.0625
-33658.28125
-47761.5
-56438.78125
-60749.09375
-62223.21875
-62379.65625
-62430.9375
-63187.09375
-65059.1875
-68053.03125
-71716.15625
-75101.3125
-76863.46875
-75570.75
-70195.96875
-60624.625
-47949.28125
-34367.3125
-22650.5625
-15344.5625
-13987.84375
-18652.34375
-27979.375
-39682.46875
-51300.0625
-60894.9375
-67448.53125
-70856.09375
-71610.5
-70383.59375
-67721.25
-63970.125
-59412.8125
-54476.3125
-49855.0
-46451.9375
-45153.71875
-46547.15625
-50712.21875
-57180.0625
-65057.40625
-73243.59375
-80644.21875
-86320.96875
-89579.6875
-90042.71875
-87745.28125
-83241.78125
-77645.34375
-72501.09375
-69441.78125
-69680.25
-73507.875
-80020.8125
-87247.5625
-92703.03125
-94209.84375
-90689.5625
-82609.875
-71893.84375
-61309.40625
-53567.625
-50474.28125
-52448.21875
-58559.8125
-67026.75
-75931.34375
-83863.5
-90264.25
-95396.84375
-100033.4375
-105037.15625
-111017.125
-118156.28125
-126211.5625
-134620.3125
-142639.34375
-149478.59375
-154434.03125
-157035.09375
-157192.875
-155291.0
-152143.0625
-148774.875
-146075.75
-144451.90625
-143653.21875
-142891.25
-141235.5625
-138121.53125
-133715.9375
-128921.8125
-124964.8125
-122721.28125
-122111.65625
-121898.90625
-120070.59375
-114705.03125
-104960.65625
-91713.3125
-77479.78125
-65568.75
-58766.59375
-58116.46875
-62358.78125
-68339.90625
-72276.59375
-71365.40625
-65045.09375
-55341.0625
-46107.75
-41462.75
-44066.09375
-53972.875
-68542.65625
-83437.71875
-94280.65625
-98280.71875
-95179.1875
-87183.28125
-77996.875
-71419.875
-70117.75
-75022.5625
-85500.28125
-100070.28125
-117252.375
-136127.75
-156401.09375
-178030.78125
-200705.78125
-223496.46875
-244886.5
-263175.53125
-277050.3125
-286045.25
-290684.46875
-292264.1875
-292405.75
-292596.625
-293905.0625
-296929.875
-301912.03125
-308858.5
-317557.71875
-327470.3125
-337597.40625
-346484.1875
-352471.75
-354181.40625
-351070.71875
-343816.40625
-334313.34375
-325219.9375
-319173.4375
-317950.1875
-321888.6875
-329798.75
-339392.03125
-348066.96875
-353750.8125
-355494.90625
-353633.71875
-349497.0
-344830.0
-341164.9375
-339370.65625
-339505.65625
-340968.90625
-342835.375
-344221.1875
-344548.21875
-343646.5
-341707.15625
-339146.96875
-336455.4375
-334072.4375
-332311.6875
-331318.9375
-331046.09375
-331232.90625
-331404.0625
-330900.46875
-328963.25
-324873.4375
-318127.5
-308607.84375
-296693.96875
-283264.375
-269562.53125
-256937.9375
-246519.4375
-238913.1875
-234029.40625
-231115.25
-229007.78125
-226541.21875
-222971.09375
-218254.53125
-213063.875
-208508.15625
-205658.5
-205066.125
-206482.71875
-208921.34375
-211054.6875
-211795.1875
-210805.3125
-208699.6875
-206823.125
-206675.78125
-209224.28125
-214405.78125
-221064.75
-227376.875
-231596.4375
-232805.0625
-231324.59375
-228592.1875
-226532.21875
-226687.71875
-229492.78125
-234015.53125
-238300.65625
-240177.125
-238188.65625
-232247.1875
-223728.65625
-214973.25
-208410.8125
-205687.09375
-207153.90625
-211914.03125
-218358.75
-224924.1875
-230711.8125
-235703.46875
-240508.40625
-245804.65625
-251779.1875
-257861.6875
-262897.28125
-265683.4375
-265614.4375
-263115.34375
-259636.15625
-257174.25
-257507.0
-261452.625
-268471.6875
-276781.96875
-283945.375
-287692.96875
-286664.09375
-280781.09375
-271139.15625
-259489.625
-247549.46875
-236420.875
-226336.90625
-216800.40625
-207018.625
-196424.09375
-185054.90625
-173642.125
-163383.0625
-155508.03125
-150824.71875
-149423.40625
-150653.5625
-153371.0625
-156353.21875
-158720.0625
-160206.0
-161188.03125
-162469.375
-164904.875
-169008.34375
-174683.65625
-181173.53125
-187243.03125
-191533.71875
-192968.40625
-191072.3125
-186107.59375
-178982.75
-170972.4375
-163344.3125
-157013.1875
-152328.875
-149053.59375
-146519.40625
-143899.53125
-140494.125
-135935.0
-130248.1875
-123764.78125
-116924.59375
-110051.25
-103186.96875
-96055.1875
-88175.59375
-79104.78125
-68727.375
-57495.1875
-46514.15625
-37415.65625
-32012.21875
-31813.65625
-37540.8125
-48799.59375
-64048.5
-80910.75
-96767.84375
-109464.71875
-117896.875
-122270.5625
-123926.40625
-124770.0625
-126501.46875
-129921.46875
-134580.4375
-138914.125
-140831.9375
-138546.4375
-131333.375
-119930.78125
-106418.125
-93613.09375
-84205.03125
-79938.3125
-81131.84375
-86683.78125
-94526.5625
-102337.59375
-108242.375
-111283.9375
-111551.28125
-110000.0
-108096.5
-107439.09375
-109458.90625
-115220.34375
-125278.90625
-139546.625
-157164.59375
-176449.625
-195020.90625
-210180.53125
-219523.0625
-221620.96875
-216543.96875
-205975.1875
-192805.15625
-180279.625
-170968.9375
-165930.25
-164391.0625
-164099.09375
-162227.8125
-156503.71875
-146124.15625
-132112.03125
-116974.75
-103810.9375
-95223.96875
-92468.25
-95147.0
-101545.34375
-109423.84375
-116921.84375
-123195.21875
-128546.8125
-134030.28125
-140728.15625
-149026.75
-158194.34375
-166430.5
-171359.21875
-170772.40625
-163351.96875
-149131.96875
-129573.6875
-107266.8125
-85375.625
-66996.34375
-54575.75
-49491.6875
-51844.75
-60475.59375
-73204.5
-87273.65625
-99939.90625
-109116.4375
-113915.28125
-114925.3125
-114101.75
-114243.40625
-118167.21875
-127807.875
-143521.03125
-163824.9375
-185682.78125
-205252.09375
-218873.59375
-223994.78125
-219755.40625
-207083.21875
-188315.1875
-166505.9375
-144661.59375
-125126.46875
-109262.90625
-97450.40625
-89328.15625
-84152.78125
-81146.28125
-79750.4375
-79758.34375
-81333.84375
-84945.625
-91241.03125
-100875.65625
-114315.71875
-131639.75
-152382.09375
-175466.09375
-199262.59375
-221778.0
-240937.125
-254896.625
-262316.75
-262538.4375
-255646.90625
-242437.46875
-224316.34375
-203163.90625
-181166.21875
-160601.15625
-143563.6875
-131639.8125
-125581.0625
-125071.40625
-128688.15625
-134125.625
-138673.21875
-139848.0625
-136008.15625
-126754.65625
-112982.75
-96552.96875
-79684.90625
-64277.78125
-51391.71875
-41065.90625
-32521.75
-24653.09375
-16594.09375
-8130.53125
211.65625
7429.15625
12534.15625
15058.875
15347.09375
14500.0
13992.3125
15118.84375
18505.9375
23895.90625
30294.03125
36411.3125
41207.9375
44303.40625
46083.78125
47477.4375
49522.65625
52942.375
57931.09375
64249.4375
71565.34375
79850.375
89603.375
101749.8125
117223.9375
136409.625
158711.6875
182501.5625
205533.78125
225723.96875
242003.34375
254903.84375
266612.53125
280436.28125
299852.0625
327488.375
364414.5625
409993.0625
462329.5
519125.5
578598.46875
640132.90625
704463.65625
773396.84375
849260.75
934365.25
1030707.28125
1140016.21875
1264055.25
1404968.40625
1565435.78125
1748486.375
1956973.78125
2192877.25
2456680.46875
2747067.28125
3061062.0625
3394579.40625
3743195.21875
4102872.03125
4470387.75
4843330.125
5219680.0
5597163.78125
5972649.375
6341857.15625
6699558.4375
7040263.8125
7359225.03125
7653441.21875
7922329.4375
8167803.21875
8393682.6875
8604575.4375
8804544.71875
8995952.4375
9178801.25
9350719.40625
9507505.15625
9643960.96875
9754677.5625
9834502.9375
9878615.53125
9882335.125
9840944.90625
9749802.625
9604873.875
9403596.90625
9145784.40625
8834189.53125
8474453.46875
8074385.09375
7642793.8125
7188288.6875
6718471.84375
6239782.53125
5757957.6875
5278797.625
4808786.53125
4355183.21875
3925444.71875
3526159.84375
3161912.1875
2834547.65625
2543164.84375
2284843.75
2055818.875
1852622.625
1672756.8125
1514676.28125
1377184.75
1258606.6875
1156190.125
1066078.5625
983919.5625
905879.40625
829639.09375
754942.9375
683453.21875
617949.65625
561176.0
514768.0
478647.1875
451067.40625
429240.84375
410261.71875
391961.75
373395.90625
354827.4375
337279.1875
321867.5625
309184.28125
298938.71875
289955.59375
280488.4375
268712.625
253223.84375
233391.1875
209479.96875
182537.09375
154100.9375
125836.21875
99202.25
75235.59375
54483.8125
37073.28125
22853.5625
11545.3125
2834.4375
-3606.53125
-8143.65625
-11200.125
-13222.28125
-14582.34375
-15459.875
-15776.53125
-15252.5
-13599.53125
-10788.375
-7266.1875
-3989.65625
-2202.0625
-2995.34375
-6814.21875
-13119.71875
-20394.375
-26545.21875
-29591.5
-28388.15625
-23097.53125
-15209.96875
-7090.0625
-1221.46875
555.78125
-2473.34375
-9857.96875
-20343.125
-32431.09375
-44871.4375
-56877.875
-68026.5625
-77960.8125
-86121.3125
-91693.4375
-93831.15625
-92051.4375
-86579.96875
-78434.03125
-69148.09375
-60227.4375
-52562.84375
-46076.15625
-39774.8125
-32209.15625
-22141.5
-9137.15625
6176.75
22288.6875
37324.6875
49680.125
58493.21875
63783.9375
66243.78125
66813.90625
66261.96875
64933.6875
62745.75
59362.09375
54423.78125
47711.09375
39188.90625
28972.59375
17296.125
4542.1875
-8676.96875
-21471.8125
-32762.9375
-41552.34375
-47318.65625
-50375.09375
-51993.75
-54166.375
-59018.25
-68054.90625
-81522.46875
-98145.1875
-115370.21875
-130053.59375
-139350.375
-141500.0625
-136255.15625
-124851.3125
-109593.84375
-93252.9375
-78481.625
-67396.375
-61352.09375
-60856.1875
-65550.65625
-74237.4375
-84988.75
-95416.1875
-103132.0
-106338.1875
-104371.21875
-97984.96875
-89206.59375
-80750.5625
-75156.34375
-73948.96875
-77135.375
-83231.28125
-89809.3125
-94357.375
-95124.65625
-91656.59375
-84862.34375
-76648.9375
-69307.9375
-64893.84375
-64780.0625
-69462.6875
-78572.09375
-91001.75
-105085.0625
-118809.71875
-130103.125
-137209.78125
-139112.46875
-135866.375
-128681.65625
-119643.0625
-111095.125
-104882.625
-101739.5
-101094.96875
-101410.1875
-100927.34375
-98517.21875
-94244.375
-89379.53125
-85830.4375
-85231.90625
-88101.75
-93453.53125
-99056.34375
-102240.90625
-100903.5
-94271.4375
-83108.25
-69297.75
-55028.75
-41971.65625
-30819.0625
-21364.53125
-13024.75
-5496.46875
810.6875
4793.375
5113.25
853.78125
-7965.375
-20280.46875
-34335.75
-48313.3125
-60919.625
-71636.34375
-80522.1875
-87693.46875
-92784.46875
-94709.875
-91901.40625
-82948.1875
-67351.28125
-46022.25
-21254.71875
3865.65625
26387.59375
44369.84375
57336.03125
66124.65625
72220.09375
76878.96875
80449.4375
82184.40625
80621.125
74346.34375
62801.75
46776.15625
28376.84375
10496.5625
-4001.90625
-13066.96875
-15926.625
-13117.1875
-6124.125
3176.6875
13049.5625
22231.84375
30015.1875
36134.1875
40584.625
43489.0625
45068.53125
45704.625
46020.4375
46896.75
49370.28125
54414.25
62656.09375
74120.4375
88087.8125
103132.09375
117351.96875
128756.46875
135715.34375
137357.375
133802.125
126149.65625
116219.34375
106106.78125
97688.03125
92218.75
90141.71875
91138.40625
94369.8125
98789.0625
103398.3125
107374.4375
110070.0
110969.40625
109699.84375
106151.3125
100669.21875
94198.5
88233.5625
84491.15625
84355.1875
88285.71875
95459.6875
103866.5625
110917.40625
114401.90625
113444.03125
109055.625
104010.21875
102017.21875
106467.0
119213.28125
139868.4375
165895.375
193466.5
218754.0625
239150.6875
253965.71875
264372.71875
272698.15625
281395.40625
292138.375
305366.875
320381.125
335834.46875
350329.28125
362834.84375
372797.4375
380007.46875
384417.65625
386107.5625
385461.25
383453.59375
381824.03125
382932.84375
389247.1875
402615.90625
423651.375
451544.5
484474.3125
520501.15625
558581.875
599246.3125
644590.9375
697538.0625
760653.65625
835047.40625
919882.28125
1012777.46875
1111001.875
1212990.90625
1319549.8125
1434211.875
1562563.8125
1710786.4375
1883995.03125
2085054.25
2314345.0625
2570563.5
2852201.21875
3159082.84375
3493321.8125
3859303.46875
4262699.25
4708883.5625
5201321.84375
5740451.9375
6323332.0625
6943998.6875
7594210.25
8264154.28125
8942789.71875
9617728.09375
1.02748119375E7
1.08977245E7
1.146799021875E7
1.196560846875E7
1.237035365625E7
1.26635610625E7
1.283006715625E7
1.285992690625E7
1.274958621875E7
1.2502313625E7
1.212784946875E7
1.1641377E7
1.10620264375E7
1.041118075E7
9710848.90625
8982315.875
8245179.09375
7516765.6875
6811829.6875
6142385.59375
5517561.90625
4943443.59375
4422975.75
3956068.03125
3540028.1875
3170354.75
2841771.34375
2549253.375
2288754.75
2057422.3125
1853269.21875
1674492.5625
1518770.21875
1382882.3125
1262860.0
1154625.75
1054857.71875
961697.6875
874978.65625
795856.40625
725993.96875
666643.75
618010.09375
579132.21875
548274.9375
523575.4375
503582.84375
487405.375
474404.03125
463634.28125
453399.90625
441257.46875
424596.5625
401618.46875
372290.46875
338793.625
305155.96875
276099.96875
255491.0
244983.0
243417.21875
247244.84375
251833.125
253154.25
249200.90625
240591.625
230164.84375
221768.875
218760.84375
222807.03125
233410.59375
248268.21875
264221.28125
278362.84375
288861.71875
295244.28125
298135.40625
298676.9375
297928.5625
296492.46875
294447.9375
291519.65625
287319.5625
281517.71875
273889.625
264287.8125
252632.09375
238984.84375
223694.03125
207509.5
191555.21875
177096.6875
165151.40625
156090.78125
149419.0
143857.6875
137738.0625
129564.59375
118531.5
104789.1875
89363.5625
73776.15625
59529.125
47655.0625
38477.5625
31621.25
26206.8125
21118.0625
15248.75
7698.375
-2058.59375
-13998.46875
-27386.34375
-40712.90625
-51851.15625
-58510.53125
-58941.71875
-52691.90625
-41106.375
-27292.9375
-15429.0
-9549.59375
-12200.0625
-23456.1875
-40731.6875
-59523.84375
-74889.25
-83141.28125
-83148.9375
-76749.25
-68117.53125
-62334.9375
-63693.6875
-74361.96875
-93866.1875
-119512.4375
-147503.59375
-174265.59375
-197465.3125
-216379.6875
-231573.0
-244123.03125
-254790.375
-263499.53125
-269325.25
-270939.6875
-267286.625
-258175.375
-244549.28125
-228335.3125
-211951.0
-197661.625
-187009.5625
-180484.15625
-177501.1875
-176661.25
-176187.40625
-174415.46875
-170217.96875
-163270.3125
-154104.3125
-143939.5
-134332.71875
-126736.84375
-122096.0625
-120605.625
-121720.78125
-124414.21875
-127588.5
-130482.3125
-132908.40625
-135227.875
-138080.65625
-142003.09375
-147116.28125
-153036.78125
-159055.03125
-164491.53125
-169048.4375
-172966.25
-176885.3125
-181458.875
-186896.8125
-192672.0
-197562.75
-200055.46875
-198960.5
-193980.15625
-185969.28125
-176747.71875
-168513.125
-163073.84375
-161203.125
-162367.46875
-164929.375
-166734.5625
-165848.75
-161169.5
-152710.96875
-141505.6875
-129215.1875
-117631.1875
-108247.8125
-102013.34375
-99271.03125
-99825.0625
-103052.78125
-108017.375
-113587.875
-118602.28125
-122093.6875
-123546.0625
-123092.4375
-121549.46875
-120224.71875
-120524.40625
-123485.125
-129408.03125
-137749.8125
-147325.15625
-156744.46875
-164905.03125
-171327.15625
-176196.0
-180103.21875
-183620.65625
-186916.15625
-189599.96875
-190880.46875
-189958.6875
-186474.1875
-180784.625
-173933.90625
-167304.25
-162094.34375
-158847.0
-157231.5625
-156176.84375
-154295.96875
-150422.1875
-144029.46875
-135371.15625
-125296.71875
-114849.90625
-104840.875
-95587.53125
-86935.3125
-78532.5625
-70220.03125
-62340.3125
-55808.3125
-51891.875
-51781.65625
-56129.78125
-64757.6875
-76671.34375
-90398.03125
-104524.09375
-118224.25
-131564.5
-145441.625
-161158.6875
-179779.96875
-201503.5625
-225295.03125
-248941.78125
-269537.59375
-284250.96875
-291123.53125
-289629.46875
-280809.53125
-266943.25
-250886.40625
-235310.875
-222104.625
-212110.90625
-205243.4375
-200868.34375
-198251.40625
-196870.15625
-196477.40625
-196935.375
-197953.84375
-198912.75
-198902.59375
-197002.65625
-192687.78125
-186172.78125
-178512.65625
-171371.03125
-166514.4375
-165213.0
-167778.03125
-173416.0625
-180450.21875
-186812.8125
-190611.0625
-190557.0
-186132.53125
-177490.625
-165207.96875
-150051.59375
-132879.0
-114690.09375
-96739.5
-80566.5625
-67832.5
-59959.75
-57691.90625
-60770.34375
-67905.3125
-77109.46875
-86301.4375
-93955.875
-99535.53125
-103520.5625
-107018.3125
-111120.1875
-116289.65625
-122056.75
-127163.03125
-130100.9375
-129810.84375
-126222.09375
-120385.5625
-114119.09375
-109301.71875
-107108.375
-107510.0625
-109257.15625
-110363.8125
-108902.71875
-103793.78125
-95273.90625
-84867.59375
-74878.28125
-67605.625
-64589.90625
-66158.8125
-71422.375
-78687.4375
-86114.4375
-92370.09375
-97057.8125
-100807.34375
-105031.125
-111458.3125
-121604.5625
-136325.875
-155555.75
-178263.40625
-202620.5625
-226331.84375
-247065.875
-262910.6875
-272765.71875
-276580.3125
-275364.3125
-270942.5625
-265495.125
-260997.84375
-258726.0625
-258978.53125
-261113.03125
-263877.34375
-265909.03125
-266211.3125
-264422.21875
-260779.78125
-255817.25
-249941.5
-243103.21875
-234731.25
-223986.0
-210237.84375
-193561.1875
-175006.46875
-156489.84375
-140296.03125
-128357.1875
-121581.4375
-119504.5625
-120423.65625
-121986.34375
-122027.8125
-119343.96875
-114110.40625
-107790.5
-102573.40625
-100560.25
-103006.03125
-109893.09375
-119972.8125
-131230.0
-141568.5625
-149450.0
-154257.8125
-156285.5625
-156399.8125
-155545.28125
-154300.375
-152644.40625
-149997.46875
-145480.84375
-138273.8125
-127926.75
-114534.375
-98741.90625
-81623.53125
-64502.59375
-48778.71875
-35793.375
-26730.03125
-22525.5
-23773.53125
-30625.125
-42713.75
-59144.28125
-78573.28125
-99380.5625
-119900.03125
-138656.8125
-154557.15625
-166994.625
-175864.1875
-181501.0
-184574.0625
-185964.5
-186647.53125
-187583.65625
-189616.625
-193373.8125
-199171.6875
-206935.34375
-216150.28125
-225865.4375
-234764.6875
-241315.9375
-243991.0
-241531.875
-233216.78125
-219064.4375
-199912.59375
-177325.4375
-153324.46875
-129989.71875
-109027.71875
-91425.875
-77299.59375
-65984.21875
-56346.59375
-47216.8125
-37799.46875
-27932.0625
-18113.71875
-9310.09375
-2615.4375
1108.1875
1502.0625
-1171.96875
-6071.1875
-11923.5625
-17232.96875
-20494.40625
-20405.6875
-16078.8125
-7246.65625
5571.59375
21014.125
37002.78125
51086.4375
60958.5
65019.96875
62808.03125
55127.09375
43809.96875
31171.25
19340.0625
9715.46875
2746.28125
-1894.34375
-4835.5
-6462.3125
-6557.71875
-4310.5
1298.46875
10898.375
24195.71875
39774.21875
55361.96875
68500.96875
77373.0625
81452.6875
81711.09375
80270.3125
79623.71875
81716.1875
87234.3125
95373.21875
104157.53125
111177.15625
114444.46875
113045.75
107357.625
98782.21875
89145.8125
80026.8125
72286.3125
65970.71875
60589.8125
55617.78125
50979.0
47298.625
45805.9375
47927.125
54733.15625
66465.3125
82327.0
100623.15625
119192.71875
135971.75
149484.375
159097.875
164980.03125
167813.46875
168410.0
167389.65625
165043.8125
161407.125
156467.0625
150380.71875
143573.4375
136659.625
130218.875
124539.8125
119468.71875
114457.78125
108815.59375
102061.28125
94222.59375
85928.625
78228.65625
72190.375
68434.90625
66809.21875
66351.59375
65589.3125
63070.625
57930.0
50266.71875
41188.6875
32504.9375
26186.78125
23799.03125
26098.6875
32915.875
43312.6875
55913.03125
69257.71875
82067.4375
93372.0625
102540.28125
109277.875
113643.40625
116073.65625
117358.28125
118495.15625
120406.59375
123582.8125
127794.78125
132033.875
134769.21875
134480.5625
130286.625
122410.34375
112256.21875
102015.125
93909.78125
89359.5
88402.03125
89624.75
90658.90625
89060.34375
83237.4375
73064.34375
59945.46875
46320.78125
34822.21875
27416.4375
24845.96875
26532.34375
30899.71875
35917.8125
39611.53125
40361.03125
36963.96875
28575.25
14694.875
-4679.3125
-28755.59375
-55670.5625
-82454.09375
-105398.625
-120827.40625
-126056.75
-120214.5625
-104582.65625
-82286.5
-57401.9375
-33781.8125
-14021.5
1071.375
12339.84375
21576.34375
30576.34375
40339.625
50721.40625
60624.6875
68591.28125
73497.5625
75047.9375
73882.25
71304.09375
68803.28125
67614.46875
68498.0
71792.59375
77640.46875
86204.1875
97717.90625
112324.9375
129791.0625
149272.28125
169310.53125
188127.375
204137.9375
216484.46875
225356.09375
231937.25
237980.21875
245159.28125
254459.59375
265843.0
278316.8125
290367.3125
300574.71875
308165.34375
313297.25
316996.25
320800.1875
326272.59375
334570.71875
346202.59375
361011.53125
378336.96875
397252.6875
416790.0625
436098.71875
454546.90625
471789.6875
487826.21875
503038.0625
518174.125
534247.21875
552337.9375
573348.5
597786.53125
625662.75
656549.15625
689781.6875
724730.40625
761032.96875
798703.78125
838086.5
879682.875
923938.46875
971073.6875
1021020.5625
1073478.90625
1128064.3125
1184504.25
1242843.59375
1303638.875
1368126.21875
1438338.53125
1517125.09375
1608017.96875
1714909.96875
1841570.59375
1991105.59375
2165529.28125
2365622.65625
2591179.65625
2841609.21875
3116715.125
3417383.34375
3745911.9375
4105836.25
4501286.375
4936090.1875
5412929.71875
5932823.53125
6495058.125
7097489.59375
7736971.59375
8409609.96875
9110622.84375
9833764.03125
1.057047009375E7
1.130903153125E7
1.203411453125E7
1.272686675E7
1.336567815625E7
1.392750421875E7
1.438955353125E7
1.473111328125E7
1.4935319E7
1.49907195625E7
1.489251159375E7
1.4643309625E7
1.425330265625E7
1.37396723125E7
1.312524034375E7
1.243646984375E7
1.170111590625E7
1.09459388125E7
1.019488884375E7
9468037.75
8781301.9375
8146771.625
7573313.84375
7067119.65625
6632004.5
6269476.53125
5978761.75
5757031.9375
5599997.09375
5502841.03125
5461287.5
5472482.84375
5535417.65625
5650773.34375
5820290.84375
6045921.28125
6329059.21875
6670063.46875
7068093.21875
7521116.25
8025866.75
8577578.53125
9169466.28125
9792098.65625
1.043291540625E7
1.10761341875E7
1.1703177375E7
1.229358234375E7
1.28262176875E7
1.32805783125E7
1.363797875E7
1.388257375E7
1.4002233125E7
1.39893311875E7
1.38414579375E7
1.356195528125E7
1.31600940625E7
1.265069796875E7
1.2053118E7
1.138963515625E7
1.06835495E7
9957321.40625
9231113.125
8521940.15625
7843441.25
7206093.8125
6617614.09375
6083312.8125
5606298.96875
5187571.5625
4826135.78125
4519284.71875
4263105.53125
4053147.1875
3885092.6875
3755260.375
3660827.25
3599786.15625
3570760.125
3572845.125
3605610.71875
3669280.6875
3764990.40625
3894939.40625
4062267.09375
4270578.71875
4523197.25
4822351.875
5168575.9375
5560538.40625
5995393.0
6469535.8125
6979498.09375
7522619.90625
8097194.28125
8701929.9375
9334803.0625
9991584.09375
1.066445909375E7
1.134117003125E7
1.20049715625E7
1.2635480375E7
1.32102553125E7
1.37067648125E7
1.410433515625E7
1.43857395625E7
1.453825034375E7
1.45541655E7
1.443095875E7
1.417123803125E7
1.378262796875E7
1.32775589375E7
1.2672828625E7
1.19887655625E7
1.124790509375E7
1.04732583125E7
9686442.78125
8906061.5
8146697.8125
7418730.875
6728925.125
6081505.3125
5479296.25
4924534.125
4419133.34375
3964437.71875
3560695.3125
3206583.4375
2899049.8125
2633564.875
2404688.03125
2206726.5625
2034261.78125
1882420.09375
1746914.46875
1623992.125
1510438.5
1403708.15625
1302127.34375
1205019.84375
1112607.0
1025632.78125
944814.9375
870343.15625
801661.75
737663.15625
677227.65625
619861.40625
566106.71875
517475.15625
475861.40625
442643.625
417848.375
399768.25
385251.96875
370608.625
352800.25
330460.59375
304335.1875
276966.15625
251748.0625
231725.375
218589.5
212228.84375
210944.5
212174.15625
213383.625
212760.625
209473.4375
203473.3125
195018.75
184200.09375
170706.6875
153939.84375
133399.21875
109143.3125
82095.40625
54040.5625
27294.71875
4162.09375
-13624.90625
-25293.6875
-31133.25
-32305.96875
-30461.9375
-27300.0625
-24214.25
-22112.53125
-21426.8125
-22266.875
-24637.21875
-28629.8125
-34529.0
-42804.625
-54007.6875
-68613.5
-86866.90625
-108674.40625
-133565.96875
-160720.34375
-189030.8125
-217185.03125
-243748.1875
-267259.0625
-286362.125
-299990.59375
-307584.6875
-309287.6875
-306033.625
-299447.3125
-291527.40625
-284167.0625
-278646.65625
-275274.125
-273319.625
-271295.21875
-267500.21875
-260641.34375
-250295.71875
-237039.15625
-222190.65625
-207280.875
-193462.9375
-181106.8125
-169738.15625
-158335.6875
-145853.8125
-131749.125
-116300.34375
-100605.5
-86276.21875
-74961.40625
-67877.6875
-65494.28125
-67437.1875
-72592.84375
-79340.59375
-85839.5
-90326.125
-91405.1875
-88318.4375
-81147.40625
-70874.90625
-59228.8125
-48284.875
-39902.8125
-35167.84375
-34053.78125
-35472.96875
-37738.09375
-39282.96875
-39357.5625
-38394.59375
-37867.25
-39672.8125
-45295.40625
-55115.46875
-68185.34375
-82590.4375
-96249.65625
-107800.4375
-117163.15625
-125517.71875
-134691.875
-146236.90625
-160618.59375
-176906.09375
-193115.25
-207057.4375
-217304.25
-223815.75
-227929.15625
-231698.125
-236875.21875
-244003.0625
-252037.125
-258690.25
-261363.875
-258270.03125
-249261.46875
-236016.5
-221506.5
-208979.4375
-200884.8125
-198168.3125
-200180.4375
-205169.0625
-211084.375
-216323.125
-220110.1875
-222415.96875
-223535.15625
-223599.71875
-222303.6875
-218987.71875
-213034.84375
-204365.6875
-193764.25
-182840.28125
-173601.875
-167792.34375
-166258.40625
-168612.40625
-173334.03125
-178281.875
-181422.75
-181505.84375
-178435.5
-173215.90625
-167502.375
-162934.25
-160495.40625
-160127.3125
-160722.25
-160487.5
-157546.0
-150565.34375
-139205.9375
-124249.75
-107383.28125
-90725.625
-76273.1875
-65449.34375
-58896.03125
-56545.5625
-57900.03125
-62370.6875
-69516.78125
-79081.0
-90820.46875
-104236.5
-118362.8125
-131753.65625
-142727.09375
-149796.875
-152129.4375
-149832.6875
-143942.34375
-136095.1875
-128012.8125
-121004.5
-115691.15625
-112053.28125
-109760.75
-108611.40625
-108855.8125
-111236.25
-116701.375
-125913.78125
-138770.34375
-154164.53125
-170122.1875
-184287.65625
-194588.625
-199835.46875
-200038.25
-196342.0
-190629.9375
-184961.09375
-181048.6875
-179937.6875
-181936.28125
-186750.40625
-193706.84375
-201953.125
-210575.40625
-218644.1875
-225241.6875
-229524.09375
-230834.21875
-228830.75
-223573.75
-215518.5
-205412.1875
-194138.90625
-182580.84375
-171548.9375
-161786.4375
-153997.15625
-148828.0625
-146759.53125
-147919.46875
-151904.25
-157720.6875
-163931.8125
-169003.96875
-171749.1875
-171688.15625
-169167.21875
-165153.15625
-160767.125
-156743.96875
-153052.53125
-148857.03125
-142859.75
-133898.15625
-121551.5
-106499.34375
-90473.1875
-75812.875
-64802.90625
-59050.40625
-59135.8125
-64640.0
-74483.9375
-87391.46875
-102253.8125
-118248.65625
-134704.9375
-150838.71875
-165549.75
-177434.71875
-185060.5
-187405.15625
-184283.0625
-176563.46875
-166072.21875
-155192.21875
-146293.625
-141179.15625
-140707.15625
-144677.3125
-151969.0
-160856.4375
-169404.21875
-175862.1875
-179008.5625
-178401.3125
-174494.03125
-168562.75
-162406.3125
-157842.84375
-156113.84375
-157391.59375
-160606.1875
-163735.03125
-164534.84375
-161500.4375
-154693.03125
-146071.34375
-139108.125
-137742.875
-145002.78125
-161797.25
-186368.84375
-214658.9375
-241498.5
-262206.625
-274008.5
-276749.28125
-272657.84375
-265290.84375
-258105.75
-253238.5
-250948.5
-249894.09375
-248049.78125
-243823.28125
-236877.21875
-228322.46875
-220240.4375
-214781.5625
-213248.6875
-215549.8125
-220217.25
-224940.25
-227353.65625
-225754.84375
-219496.53125
-208973.0625
-195295.125
-179851.625
-163953.1875
-148662.6875
-134800.09375
-123028.59375
-113918.15625
-107934.34375
-105371.8125
-106297.34375
-110557.75
-117856.09375
-127840.1875
-140124.40625
-154197.40625
-169244.65625
-183988.625
-196677.65625
-205309.90625
-208074.21875
-203874.96875
-192739.0
-175923.1875
-155647.4375
-134528.09375
-114914.125
-98372.03125
-85505.21875
-76153.21875
-69857.6875
-66374.8125
-66001.34375
-69570.21875
-78115.375
-92346.4375
-112150.09375
-136321.71875
-162640.25
-188268.90625
-210353.4375
-226629.1875
-235859.78125
-237995.21875
-234029.75
-225624.90625
-214620.53125
-202572.375
-190434.25
-178455.0
-166296.65625
-153319.0625
-138930.9375
-122891.25
-105467.125
-87408.625
-69768.71875
-53654.3125
-40013.375
-29536.25
-22684.59375
-19791.59375
-21137.3125
-26915.625
-37076.25
-51108.78125
-67896.625
-85763.40625
-102759.9375
-117123.65625
-127741.5
-134419.125
-137825.21875
-139121.0
-139434.9375
-139428.03125
-139164.875
-138365.09375
-136917.4375
-135390.28125
-135242.4375
-138555.90625
-147330.53125
-162602.34375
-183765.9375
-208431.375
-232939.875
-253387.71875
-266783.65625
-271898.3125
-269484.78125
-261809.125
-251710.5
-241591.5
-232738.75
-225203.25
-218207.84375
-210822.40625
-202553.25
-193571.71875
-184507.59375
-175956.09375
-167986.09375
-159926.59375
-150563.75
-138671.78125
-123635.9375
-105875.8125
-86866.375
-68733.78125
-53586.84375
-42852.96875
-36872.4375
-34887.34375
-35396.1875
-36710.875
-37497.78125
-37123.3125
-35723.40625
-34024.625
-33019.8125
-33617.71875
-36361.6875
-41266.09375
-47782.6875
-54890.15625
-61292.96875
-65706.53125
-67184.46875
-65416.1875
-60905.84375
-54956.3125
-49430.59375
-46335.03125
-47335.34375
-53348.59375
-64332.0625
-79325.40625
-96716.5625
-114635.9375
-131357.75
-145609.78125
-156742.78125
-164762.21875
-170254.8125
-174243.875
-177992.125
-182761.28125
-189544.375
-198812.375
-210342.59375
-223199.46875
-235907.6875
-246797.625
-254436.875
-258023.875
-257624.90625
-254187.9375
-249341.125
-245046.9375
-243209.59375
-245320.5
-252188.9375
-263771.25
-279103.1875
-296354.625
-313042.59375
-326430.1875
-334086.71875
-334502.65625
-327577.96875
-314785.5
-298881.25
-283181.78125
-270604.5625
-262790.65625
-259637.71875
-259442.0
-259624.0625
-257780.46875
-252665.15625
-244720.25
-235949.5625
-229187.96875
-227055.21875
-231000.84375
-240794.78125
-254627.53125
-269738.40625
-283295.0625
-293179.78125
-298415.21875
-299135.96875
-296202.40625
-290675.90625
-283388.65625
-274757.875
-264864.71875
-253703.59375
-241456.21875
-228662.6875
-216226.3125
-205262.09375
-196848.25
-191756.28125
-190227.15625
-191845.09375
-195545.59375
-199779.9375
-202832.34375
-203241.59375
-200229.5
-194002.6875
-185804.34375
-177656.0625
-171836.5
-170247.53125
-173874.46875
-182522.28125
-194906.25
-209040.875
-222761.53125
-234184.6875
-241971.625
-245378.40625
-244183.28125
-238625.0
-229438.3125
-217964.125
-206207.59375
-196687.0625
-191991.0
-194110.34375
-203767.46875
-220030.96875
-240435.25
-261635.34375
-280394.46875
-294542.15625
-303531.1875
-308381.5
-311058.59375
-313573.15625
-317197.53125
-322117.625
-327617.71875
-332639.03125
-336385.375
-338656.90625
-339762.4375
-340105.375
-339725.53125
-338107.9375
-334423.75
-328118.71875
-319546.84375
-310277.28125
-302831.375
-299877.09375
-303189.78125
-312836.875
-326978.75
-342417.3125
-355687.8125
-364238.0625
-367191.8125
-365378.40625
-360642.84375
-354773.90625
-348554.625
-341371.34375
-331554.65625
-317288.4375
-297672.25
-273463.40625
-247177.78125
-222509.1875
-203306.3125
-192499.09375
-191344.8125
-199196.8125
-213782.28125
-231810.5
-249679.9375
-264106.125
-272593.1875
-273752.28125
-267484.59375
-255009.9375
-238680.15625
-221526.6875
-206573.15625
-196067.34375
-190881.6875
-190329.21875
-192517.90625
-195156.21875
-196520.0
-196194.15625
-195271.375
-195905.71875
-200391.8125
-210149.84375
-225041.0
-243299.59375
-262103.59375
-278536.0625
-290537.125
-297471.09375
-300120.40625
-300170.65625
-299455.75
-299296.21875
-300175.96875
-301815.53125
-303515.0625
-304543.28125
-304378.84375
-302733.34375
-299427.84375
-294273.875
-287089.125
-277872.75
-267040.59375
-255553.875
-244803.1875
-236229.75
-230810.625
-228630.59375
-228755.59375
-229505.90625
-229055.0
-226129.90625
-220533.25
-213271.46875
-206229.875
-201516.65625
-200723.46875
-204374.1875
-211748.6875
-221119.8125
-230290.71875
-237227.3125
-240571.46875
-239889.0
-235614.90625
-228760.53125
-220513.6875
-211874.40625
-203435.6875
-195358.125
-187519.9375
-179769.125
-172174.5
-165174.03125
-159554.8125
-156257.96875
-156072.4375
-159331.1875
-165736.09375
-174395.0
-184072.34375
-193559.8125
-202015.03125
-209119.78125
-214988.78125
-219877.84375
-223846.59375
-226566.96875
-227408.6875
-225796.03125
-221677.96875
-215862.875
-209996.65625
-206107.96875
-205851.125
-209748.875
-216786.25
-224592.8125
-230213.34375
-231205.40625
-226632.75
-217536.25
-206659.3125
-197508.28125
-193109.1875
-194953.9375
-202553.1875
-213759.28125
-225701.625
-235929.25
-243286.46875
-248182.125
-252185.8125
-257168.9375
-264382.71875
-273858.4375
-284344.75
-293751.875
-299865.53125
-301015.8125
-296456.4375
-286376.09375
-271639.46875
-253451.15625
-233116.5
-211966.46875
-191385.84375
-172811.28125
-157589.4375
-146685.46875
-140352.75
-137941.59375
-137993.28125
-138646.6875
-138234.15625
-135837.375
-131572.59375
-126482.875
-122085.15625
-119773.4375
-120340.9375
-123823.3125
-129710.1875
-137396.375
-146629.59375
-157713.8125
-171345.875
-188141.25
-208062.875
-230027.65625
-251902.21875
-270939.03125
-284515.0625
-290901.15625
-289768.09375
-282232.1875
-270420.8125
-256721.4375
-242994.40625
-230037.84375
-217491.59375
-204200.40625
-188887.96875
-170884.40625
-150637.3125
-129818.28125
-110981.875
-96888.71875
-89716.5625
-90416.90625
-98422.9375
-111794.375
-127741.5
-143349.96875
-156269.96875
-165158.8125
-169762.0
-170649.9375
-168748.53125
-164864.125
-159388.75
-152284.03125
-143320.71875
-132444.0625
-120087.71875
-107286.875
-95531.59375
-86413.84375
-81203.59375
-80512.46875
-84155.8125
-91237.25
-100392.8125
-110085.375
-118851.25
-125455.125
-128971.1875
-128843.34375
-124963.0625
-117755.65625
-108212.46875
-97791.65625
-88148.5
-80738.96875
-76425.3125
-75249.0
-76494.9375
-79056.65625
-81972.5
-84904.53125
-88331.0625
-93330.46875
-101014.34375
-111837.625
-125095.0625
-138858.84375
-150436.375
-157202.65625
-157488.4375
-151165.28125
-139682.90625
-125541.71875
-111419.8125
-99316.21875
-90057.15625
-83343.53125
-78274.96875
-74077.53125
-70683.125
-68892.34375
-70057.375
-75450.15625
-85626.71875
-100094.46875
-117441.15625
-135861.8125
-153831.9375
-170608.0625
-186320.5625
-201619.4375
-217046.4375
-232439.15625
-246663.0
-257820.5625
-263874.28125
-263431.84375
-256369.375
-244031.625
-228920.59375
-213987.3125
-201786.5
-193790.0
-190073.53125
-189439.59375
-189885.5
-189228.0
-185684.0625
-178265.21875
-166934.1875
-152549.21875
-136660.53125
-121222.34375
-108265.375
-99560.34375
-96307.46875
-98904.84375
-106857.8125
-118875.59375
-133154.6875
-147785.25
-161164.84375
-172292.15625
-180851.34375
-187074.15625
-191451.65625
-194422.34375
-196166.5625
-196585.625
-195463.0625
-192726.625
-188688.34375
-184149.78125
-180312.96875
-178512.125
-179847.1875
-184834.5
-193184.75
-203779.5
-214861.3125
-224393.5
-230502.34375
-231892.03125
-228127.125
-219710.0
-207931.5625
-194538.46875
-181313.3125
-169693.875
-160543.15625
-154128.53125
-150288.25
-148691.6875
-149064.8125
-151274.3125
-155236.71875
-160710.96875
-167099.6875
-173393.3125
-178329.3125
-180734.46875
-179919.40625
-175950.34375
-169663.78125
-162397.1875
-155538.40625
-150083.0625
-146388.6875
-144223.15625
-143063.375
-142480.09375
-142403.0
-143125.5625
-145047.03125
-148295.09375
-152446.59375
-156528.15625
-159339.71875
-159974.1875
-158286.875
-155066.28125
-151783.5
-149991.78125
-150623.59375
-153497.8125
-157269.625
-159864.28125
-159219.46875
-154023.78125
-144145.53125
-130593.78125
-115070.28125
-99351.96875
-84802.5
-72222.5
-62057.75
-54792.5
-51256.78125
-52622.0625
-60026.5625
-73974.84375
-93792.65625
-117421.03125
-141695.84375
-163051.3125
-178403.1875
-185898.03125
-185282.46875
-177814.84375
-165822.09375
-152114.90625
-139469.5
-130284.84375
-126398.25
-128962.5625
-138300.6875
-153739.4375
-173527.03125
-194979.5625
-214944.28125
-230524.375
-239854.25
-242633.3125
-240176.90625
-234918.625
-229528.21875
-225981.59375
-224952.5625
-225760.78125
-226867.9375
-226673.4375
-224234.59375
-219587.625
-213546.09375
-207110.9375
-200813.5625
-194342.4375
-186661.34375
-176582.1875
-163527.71875
-148118.375
-132290.4375
-118862.4375
-110713.84375
-109907.125
-117097.0
-131431.21875
-150925.65625
-173104.3125
-195615.03125
-216593.28125
-234707.625
-248989.75
-258645.8125
-263021.75
-261773.71875
-255149.09375
-244192.96875
-230710.0
-216924.65625
-204934.59375
-196163.875
-191036.375
-188998.09375
-188863.40625
-189322.40625
-189386.65625
-188599.125
-186959.21875
-184653.15625
-181765.9375
-178142.5625
-173473.21875
-167549.84375
-160545.375
-153149.53125
-146464.125
-141680.03125
-139670.0625
-140678.5625
-144250.9375
-149440.90625
-155207.1875
-160828.3125
-166153.5
-171581.40625
-177776.03125
-185244.3125
-193960.46875
-203204.75
-211697.46875
-217988.6875
-220958.375
-220235.5
-216370.59375
-210690.09375
-204882.03125
-200467.96875
-198363.03125
-198695.59375
-200958.96875
-204434.53125
-208711.0
-214072.78125
-221569.84375
-232700.625
-248798.34375
-270345.46875
-296494.875
-325018.875
-352753.09375
-376411.03125
-393487.875
-402924.09375
-405279.59375
-402354.875
-396412.40625
-389308.03125
-381874.375
-373789.34375
-363957.1875
-351217.5
-335064.09375
-316061.90625
-295785.6875
-276311.5
-259479.21875
-246230.9375
-236288.65625
-228284.5625
-220274.0
-210420.5
-197600.96875
-181740.125
-163810.28125
-145558.21875
-129095.8125
-116490.40625
-109437.5
-109030.5
-115603.96875
-128633.625
-146713.46875
-167663.28125
-188813.4375
-207460.9375
-221408.34375
-229431.53125
-231513.625
-228744.40625
-222904.59375
-215874.0
-209077.0
-203164.03125
-198031.90625
-193148.53125
-188025.6875
-182632.4375
-177577.09375
-173991.40625
-173176.09375
-176159.21875
-183342.0625
-194359.0625
-208185.0
-223428.90625
-238695.0625
-252887.90625
-265376.90625
-276000.28125
-284940.6875
-292536.46875
-299094.96875
-304755.5625
-309426.9375
-312799.90625
-314422.59375
-313812.3125
-310574.28125
-304495.78125
-295593.78125
-284111.28125
-270478.78125
-255272.75
-239200.15625
-223116.1875
-208050.15625
-195186.96875
-185751.625
-180779.15625
-180810.25
-185613.34375
-194057.0625
-204229.1875
-213816.78125
-220657.90625
-223294.34375
-221335.8125
-215503.96875
-207341.34375
-198697.375
-191186.8125
-185817.46875
-182904.25
-182259.5
-183534.125
-186529.53125
-191329.90625
-198201.875
-207325.5625
-218503.8125
-231007.71875
-243654.125
-255105.34375
-264281.53125
-270724.90625
-274772.5625
-277466.46875
-280226.03125
-284387.09375
-290750.25
-299270.1875
-308971.9375
-318118.3125
-324592.96875
-326417.0
-322284.40625
-311987.71875
-296614.90625
-278437.0
-260478.34375
-245851.0625
-237020.8125
-235213.96875
-240153.65625
-250216.59375
-262966.59375
-275888.53125
-287076.125
-295648.5625
-301777.78125
-306360.03125
-310495.0625
-314993.40625
-320092.6875
-325455.90625
-330395.28125
-334181.34375
-336287.65625
-336484.375
-334789.65625
-331359.65625
-326412.9375
-320236.46875
-313246.5625
-306021.78125
-299229.71875
-293430.25
-288826.9375
-285097.0625
-281421.40625
-276750.46875
-270222.75
-261555.78125
-251216.53125
-240264.3125
-229909.3125
-220973.21875
-213503.03125
-206732.25
-199429.53125
-190491.25
-179510.78125
-167057.28125
-154525.6875
-143616.71875
-135679.53125
-131212.875
-129742.34375
-130107.71875
-130995.125
-131432.0
-130988.21875
-129583.21875
-127008.5
-122437.1875
-114217.9375
-100128.0
-78039.59375
-46742.53125
-6565.15625
40500.625
91262.71875
142220.59375
190539.9375
234726.59375
274746.4375
311575.4375
346403.09375
379847.53125
411518.9375
440099.28125
463877.625
481486.65625
492514.4375
497736.34375
498886.90625
498087.3125
497176.0625
497205.6875
498274.375
499704.59375
500439.28125
499457.8125
496039.9375
489805.25
480574.5
468179.15625
452355.4375
432798.0
409352.5625
382245.3125
352218.21875
320478.8125
288459.1875
257470.53125
228395.53125
201548.125
176759.6875
153646.875
131932.1875
111660.28125
93198.75
77014.3125
63328.8125
51830.65625
41608.78125
31385.40625
19983.53125
6839.03125
-7683.03125
-22351.03125
-35538.3125
-45947.46875
-53290.375
-58607.21875
-64028.28125
-72006.03125
-84282.6875
-101004.53125
-120375.1875
-139050.46875
-153182.84375
-159749.65625
-157657.625
-148181.4375
-134544.625
-120788.84375
-110362.15625
-104970.5625
-104126.84375
-105546.125
-106199.0
-103580.78125
-96694.6875
-86392.4375
-74998.71875
-65434.40625
-60228.90625
-60806.53125
-67264.78125
-78626.40625
-93353.5
-109845.84375
-126721.40625
-142840.375
-157189.71875
-168812.375
-176913.1875
-181137.46875
-181879.28125
-180415.84375
-178721.28125
-178961.78125
-182841.0625
-191060.34375
-203128.25
-217609.4375
-232704.5625
-246903.9375
-259423.84375
-270239.96875
-279723.78125
-288076.34375
-294848.65625
-298796.21875
-298156.3125
-291240.3125
-277088.75
-255913.1875
-229150.75
-199130.84375
-168517.84375
-139767.53125
-114795.15625
-94923.46875
-81031.1875
-73732.125
-73423.53125
-80141.46875
-93294.8125
-111447.375
-132324.96875
-153135.5625
-171145.75
-184327.65625
-191836.53125
-194132.5625
-192695.59375
-189442.90625
-186073.09375
-183581.75
-182113.28125
-181171.09375
-180064.09375
-178380.40625
-176283.15625
-174509.4375
-174080.90625
-175852.4375
-180085.375
-186216.0
-192911.5
-198396.625
-200937.53125
-199319.8125
-193166.0
-182999.46875
-170049.59375
-155877.28125
-141952.0
-129318.0625
-118447.09375
-109303.46875
-101573.65625
-94955.46875
-89388.5625
-85137.8125
-82704.0
-82606.75
-85135.40625
-90172.6875
-97160.40625
-105212.65625
-113315.875
-120523.0625
-126059.9375
-129316.625
-129768.15625
-126916.3125
-120344.78125
-109924.0
-96110.90625
-80207.0
-64407.40625
-51522.5625
-44370.625
-44982.84375
-53875.3125
-69662.21875
-89200.53125
-108283.90625
-122705.71875
-129366.25
-127065.15625
-116719.5625
-100945.625
-83164.0
-66555.71875
-53235.0625
-43910.28125
-38107.46875
-34813.40625
-33241.1875
-33388.875
-36163.34375
-43029.09375
-55339.8125
-73638.09375
-97217.15625
-124126.78125
-151624.78125
-176901.0625
-197802.0625
-213299.625
-223561.875
-229648.1875
-232988.0625
-234867.15625
-236105.53125
-237005.34375
-237518.53125
-237498.90625
-236893.28125
-235788.15625
-234325.34375
-232576.75
-230487.6875
-227949.34375
-224973.28125
-221864.09375
-219265.59375
-218006.8125
-218777.25
-221761.84375
-226412.5625
-231494.59375
-235430.6875
-236829.28125
-234986.25
-230145.40625
-223398.59375
-216261.65625
-210106.03125
-205691.625
-202998.125
-201414.28125
-200178.59375
-198850.65625
-197584.21875
-197074.5
-198214.46875
-201636.8125
-207373.625
-214803.03125
-222907.25
-230708.1875
-237657.5
-243782.46875
-249515.125
-255299.0625
-261188.15625
-266664.65625
-270797.25
-272685.625
-271981.84375
-269220.28125
-265762.4375
-263336.71875
-263350.21875
-266268.9375
-271350.375
-276867.1875
-280746.65625
-281369.1875
-278198.375
-271990.5
-264512.6875
-257905.5625
-253962.0625
-253605.53125
-256740.21875
-262471.75
-269544.0
-276773.78125
-283309.15625
-288656.46875
-292546.46875
-294779.6875
-295172.9375
-293642.65625
-290360.125
-285857.15625
-280980.5
-276677.90625
-273701.09375
-272370.15625
-272526.9375
-273713.09375
-275490.59375
-277739.125
-280763.34375
-285130.46875
-291294.84375
-299183.46875
-307957.15625
-316097.5
-321828.375
-323725.3125
-321269.09375
-315107.90625
-306905.34375
-298819.21875
-292804.28125
-289999.875
-290419.75
-293033.40625
-296173.8125
-298089.9375
-297434.0
-293531.03125
-286389.71875
-276522.40625
-264700.40625
-251760.21875
-238514.375
-225744.40625
-214207.71875
-204594.15625
-197415.4375
-192870.6875
-190765.875
-190554.46875
-191510.59375
-192977.15625
-194582.46875
-196322.96875
-198465.03125
-201305.5
-204902.59375
-208914.125
-212637.40625
-215256.125
-216196.5625
-215434.375
-213599.25
-211803.1875
-211237.34375
-212691.34375
-216195.65625
-220951.5
-225600.71875
-228748.3125
-229537.875
-228047.6875
-225337.78125
-223112.25
-223115.75
-226492.21875
-233352.34375
-242717.15625
-252856.15625
-261884.03125
-268379.9375
-271789.0625
-272460.15625
-271321.59375
-269347.1875
-267043.84375
-264182.3125
-259889.71875
-253074.71875
-243021.53125
-229918.71875
-215109.65625
-200950.78125
-190301.75
-185798.9375
-189133.40625
-200550.6875
-218717.4375
-240988.78125
-263996.90625
-284399.1875
-299588.71875
-308190.53125
-310227.28125
-306928.03125
-300245.5
-292224.8125
-284405.9375
-277432.15625
-270976.9375
-264002.53125
-255257.8125
-243840.90625
-229630.0
-213431.75
-196799.71875
-181596.59375
-169467.40625
-161418.6875
-157647.09375
-157654.8125
-160571.53125
-165526.6875
-171909.875
-179425.25
-187948.71875
-197289.9375
-206998.90625
-216324.375
-224351.34375
-230255.125
-233556.5
-234269.78125
-232891.8125
-230255.53125
-227322.03125
-224989.5
-223960.25
-224654.28125
-227132.21875
-231004.53125
-235356.25
-238764.8125
-239497.15625
-235915.15625
-227014.03125
-212913.3125
-195079.75
-176120.6875
-159141.03125
-146845.5625
-140706.53125
-140528.40625
-144608.1875
-150456.3125
-155805.0625
-159502.09375
-161922.90625
-164735.21875
-170123.34375
-179809.46875
-194290.9375
-212609.34375
-232725.75
-252309.375
-269573.78125
-283792.34375
-295288.8125
-304948.84375
-313513.40625
-321002.40625
-326536.4375
-328628.0625
-325795.28125
-317213.28125
-303123.34375
-284846.40625
-264433.46875
-244132.25
-225896.875
-211102.875
-200502.15625
-194335.75
-192474.5625
-194495.78125
-199691.40625
-207082.9375
-215533.09375
-223987.6875
-231784.3125
-238888.96875
-245918.71875
-253891.1875
-263771.78125
-275999.84375
-290203.40625
-305237.46875
-319532.84375
-331596.75
-340434.40625
-345704.34375
-347557.4375
-346273.0625
-341912.40625
-334200.84375
-322731.96875
-307412.25
-288927.4375
-268976.21875
-250109.09375
-235183.0
-226615.8125
-225715.9375
-232331.71875
-244929.75
-261040.21875
-277880.0625
-292932.90625
-304332.1875
-311011.71875
-312689.375
-309786.71875
-303349.125
-294955.65625
-286551.65625
-280141.40625
-277351.09375
-278969.9375
-284643.5
-292879.28125
-301420.53125
-307896.5625
-310530.3125
-308644.875
-302782.75
-294404.71875
-285303.875
-276976.53125
-270192.09375
-264901.40625
-260472.71875
-256112.78125
-251277.1875
-245909.40625
-240445.375
-235625.03125
-232214.625
-230747.71875
-231347.53125
-233644.84375
-236776.40625
-239457.6875
-240146.0
-237318.40625
-229856.375
-217466.28125
-200997.40625
-182501.25
-164926.96875
-151471.25
-144742.3125
-145998.125
-154722.5625
-168699.3125
-184569.5
-198687.65625
-207994.9375
-210644.90625
-206234.21875
-195647.75
-180656.9375
-163454.53125
-146268.5
-131105.25
-119587.84375
-112823.71875
-111266.875
-114602.9375
-121732.71875
-130922.84375
-140129.125
-147413.03125
-151314.75
-151056.09375
-146523.875
-138088.5625
-126384.75
-112178.0
-96363.3125
-80029.71875
-64454.0625
-50903.21875
-40236.03125
-32445.84375
-26387.21875
-19911.6875
-10481.46875
3901.21875
23812.1875
47983.375
73613.875
97388.03125
116852.6875
131605.28125
143777.21875
157562.09375
177934.375
209052.6875
252985.9375
309267.375
375425.59375
448221.8125
525026.84375
604730.6875
687808.40625
775555.0625
868870.90625
967160.5625
1067830.1875
1166576.40625
1258305.4375
1338264.0
1402921.78125
1450313.1875
1479831.625
1491718.25
1486585.53125
1465225.65625
1428741.75
1378827.34375
1317925.03125
1249065.0
1175376.125
1099468.0625
1022985.90625
946576.75
870311.5625
794369.34375
719643.53125
647947.4375
581677.625
523053.15625
473260.125
431891.09375
396946.5625
365423.0
334257.0
301252.8125
265643.90625
228114.3125
190339.53125
154290.40625
121599.6875
93208.46875
69343.625
49720.75
33790.78125
20883.59375
10208.90625
789.625
-8545.375
-19015.5
-31593.96875
-46673.59375
-63848.0
-81930.0
-99228.25
-113988.875
-124840.84375
-131090.375
-132788.40625
-130594.75
-125538.71875
-118788.59375
-111497.53125
-104724.34375
-99378.65625
-96139.59375
-95341.25
-96876.03125
-100192.625
-104441.71875
-108750.4375
-112530.21875
-115685.03125
-118617.25
-122017.8125
-126531.46875
-132454.3125
-139605.8125
-147430.71875
-155264.09375
-162603.34375
-169224.84375
-175066.09375
-179930.3125
-183187.6875
-183679.28125
-179952.75
-170801.0625
-155911.0625
-136339.75
-114572.59375
-94072.53125
-78434.09375
-70427.3125
-71267.84375
-80366.03125
-95621.5
-114123.40625
-132980.3125
-149985.125
-163921.28125
-174479.46875
-181905.5
-186577.03125
-188690.78125
-188155.96875
-184686.53125
-178012.34375
-168110.875
-155388.75
-140780.5625
-125757.15625
-112233.65625
-102356.375
-98154.03125
-101081.53125
-111554.0
-128630.1875
-150012.375
-172456.25
-192541.0
-207589.25
-216425.3125
-219675.28125
-219459.40625
-218555.46875
-219328.8125
-222834.4375
-228441.15625
-234124.125
-237300.875
-235865.71875
-229002.96875
-217464.71875
-203235.75
-188770.34375
-176154.09375
-166547.84375
-160112.84375
-156377.53125
-154802.0625
-155223.46875
-157952.1875
-163491.375
-172059.4375
-183206.96875
-195774.1875
-208255.15625
-219413.125
-228839.1875
-237148.5625
-245671.5625
-255744.8125
-267922.78125
-281499.0
-294608.5
-304921.71875
-310657.1875
-311465.5
-308765.125
-305332.625
-304276.5
-307805.71875
-316311.65625
-328162.96875
-340313.15625
-349474.65625
-353371.125
-351552.625
-345451.84375
-337691.3125
-330966.6875
-326995.0625
-325961.40625
-326652.21875
-327155.25
-325765.28125
-321678.71875
-315194.875
-307399.125
-299550.46875
-292518.03125
-286551.75
-281473.09375
-277134.84375
-273849.15625
-272495.53125
-274190.8125
-279643.375
-288504.96875
-299073.09375
-308559.65625
-313888.5
-312732.53125
-304371.34375
-290006.1875
-272390.21875
-254915.78125
-240523.375
-230856.96875
-225968.28125
-224628.125
-225049.875
-225681.78125
-225738.375
-225296.5625
-224996.96875
-225560.40625
-227378.5625
-230359.15625
-234049.1875
-237914.9375
-241595.0625
-244987.25
-248146.6875
-251093.15625
-253676.625
-255608.71875
-256658.0625
-256891.71875
-256795.4375
-257152.5
-258683.90625
-261592.65625
-265230.71875
-268080.0
-268109.46875
-263404.03125
-252832.03125
-236493.25
-215778.28125
-193030.375
-170957.53125
-152021.40625
-138003.8125
-129840.875
-127683.125
-131056.625
-139000.15625
-150127.59375
-162660.5
-174530.125
-183627.53125
-188188.09375
-187194.40625
-180622.21875
-169392.6875
-155011.25
-139024.0625
-122520.4375
-105905.1875
-89044.5625
-71710.9375
-54100.34375
-37148.8125
-22463.59375
-11869.3125
-6762.65625
-7576.84375
-13617.40625
-23363.65625
-35107.75
-47637.78125
-60640.25
-74625.375
-90402.75
-108354.0625
-127855.71875
-147147.5
-163744.53125
-175243.3125
-180187.46875
-178623.03125
-172100.6875
-163115.90625
-154211.375
-147101.375
-142156.625
-138430.65625
-134185.3125
-127684.375
-117940.46875
-105148.125
-90679.3125
-76690.34375
-65516.09375
-59073.0625
-58448.9375
-63762.78125
-74278.5
-88684.3125
-105426.65625
-123003.0
-140152.25
-155923.46875
-169637.34375
-180783.5625
-188915.75
-193609.0
-194527.5
-191603.84375
-185272.40625
-176645.9375
-167510.4375
-160056.75
-156365.96875
-157782.75
-164397.78125
-174864.15625
-186680.46875
-196904.6875
-203088.375
-204109.40625
-200594.5625
-194759.96875
-189710.1875
-188439.3125
-192885.875
-203362.84375
-218532.6875
-235887.59375
-252522.0
-265910.0
-274447.65625
-277651.78125
-276052.6875
-270912.28125
-263907.3125
-256856.53125
-251491.8125
-249228.0
-250906.8125
-256555.46875
-265267.25
-275319.59375
-284578.28125
-291107.65625
-293785.34375
-292670.40625
-288942.3125
-284393.65625
-280659.78125
-278503.5
-277475.5625
-276123.8125
-272687.125
-265985.625
-256114.1875
-244615.625
-234028.71875
-226981.6875
-225208.5
-228908.84375
-236728.8125
-246370.375
-255563.28125
-262973.9375
-268657.5
-273861.125
-280274.84375
-289066.21875
-300128.1875
-311872.46875
-321664.09375
-326721.1875
-325114.15625
-316470.625
-302125.625
-284690.78125
-267240.75
-252442.9375
-241940.40625
-236160.5625
-234535.78125
-235969.3125
-239320.6875
-243730.0625
-248711.21875
-254059.09375
-259684.40625
-265482.125
-271283.5625
-276870.03125
-281987.96875
-286317.34375
-289397.46875
-290569.0625
-289014.3125
-283943.96875
-274906.25
-262113.84375
-246641.5
-230373.59375
-215665.25
-204795.875
-199383.59375
-199955.0625
-205811.875
-215225.09375
-225872.46875
-235355.8125
-241634.15625
-243273.0
-239507.59375
-230198.15625
-215779.09375
-197261.84375
-176270.4375
-155016.375
-136101.59375
-122093.8125
-114929.5625
-115315.125
-122355.9375
-133608.34375
-145617.84375
-154827.25
-158582.21875
-155897.5625
-147712.5625
-136537.09375
-125610.65625
-117873.625
-115114.84375
-117583.03125
-124163.875
-133004.71875
-142304.0
-150938.5
-158692.46875
-166034.53125
-173584.53125
-181538.4375
-189324.40625
-195652.625
-198941.71875
-197939.46875
-192271.65625
-182684.0
-170872.125
-158964.53125
-148861.375
-141682.65625
-137526.5625
-135605.5625
-134678.6875
-133587.59375
-131679.25
-128959.125
-125939.75
-123274.59375
-121348.21875
-120002.0
-118510.0
-115814.15625
-110922.375
-103310.5625
-93171.25
-81412.09375
-69405.90625
-58588.0625
-50054.03125
-44307.8125
-41252.46875
-40415.6875
-41308.84375
-43756.9375
-48043.0625
-54778.6875
-64525.03125
-77302.9375
-92197.75
-107254.8125
-119769.34375
-126929.6875
-126626.9375
-118159.15625
-102571.125
-82484.4375
-61450.15625
-43028.625
-29900.53125
-23298.9375
-22926.96875
-27340.09375
-34602.15625
-42938.4375
-51141.8125
-58620.40625
-65147.0
-70502.5625
-74241.40625
-75727.3125
-74438.84375
-70388.40625
-64420.0625
-58182.96875
-53715.1875
-52751.34375
-56010.375
-62758.71875
-70855.625
-77308.78125
-79168.40625
-74454.0
-62790.78125
-45542.15625
-25410.40625
-5667.375
10706.09375
21686.8125
26497.46875
25488.25
19731.0625
10529.0625
-963.65625
-13897.65625
-27657.90625
-41662.34375
-55166.09375
-67185.84375
-76593.4375
-82346.65625
-83766.75
-80753.875
-73857.15625
-64168.90625
-53074.90625
-41937.3125
-31806.53125
-23245.53125
-16312.625
-10698.65625
-5965.53125
-1800.53125
1806.21875
4529.90625
5843.15625
5271.3125
2677.0
-1541.90625
-6437.0
-10712.375
-13103.5
-12813.4375
-9855.53125
-5169.25
-449.5
2273.71875
1177.25
-4864.5
-15994.4375
-31375.8125
-49462.75
-68428.78125
-86599.6875
-102752.25
-116208.78125
-126741.9375
-134376.625
-139201.25
-141276.5
-140670.75
-137583.0
-132472.78125
-126113.4375
-119523.40625
-113787.21875
-109826.90625
-108206.21875
-109031.125
-111968.875
-116357.15625
-121346.6875
-126019.625
-129455.9375
-130759.53125
-129083.53125
-123696.15625
-114099.25
-100169.6875
-82258.4375
-61179.40625
-38052.65625
-14028.5
10022.25
33735.5
57301.5625
81302.875
106398.59375
132984.03125
160972.6875
189804.09375
218683.8125
246957.78125
274453.25
301622.6875
329404.75
358841.15625
390602.125
424626.4375
460045.65625
495445.4375
529371.875
560878.78125
589885.71875
617191.75
644134.28125
672035.0625
701663.8125
732938.34375
764970.0625
796406.90625
825896.5625
852449.84375
875546.59375
894965.15625
910460.0625
921490.0
927171.84375
926512.71875
918818.5
904066.53125
883027.40625
857031.84375
827455.28125
795149.53125
760105.09375
721544.0625
678450.71875
630329.53125
577844.46875
523008.34375
468765.09375
418071.3125
372821.15625
333062.90625
296867.9375
260965.03125
221942.0
177576.78125
127792.1875
74866.875
22821.53125
-23784.96875
-61197.71875
-87465.46875
-102777.6875
-109095.0
-109301.90625
-106264.125
-102157.21875
-98263.96875
-95205.65625
-93382.65625
-93334.34375
-95807.0625
-101495.34375
-110604.34375
-122485.25
-135570.84375
-147700.59375
-156740.40625
-161258.5
-160982.8125
-156851.1875
-150637.6875
-144314.0
-139410.625
-136629.21875
-135838.5
-136412.125
-137721.15625
-139537.1875
-142158.75
-146213.6875
-152247.78125
-160313.21875
-169771.5
-179424.65625
-187933.875
-194344.65625
-198480.25
-201015.84375
-203183.78125
-206225.53125
-210822.5
-216753.65625
-222933.53125
-227820.96875
-230027.28125
-228866.90625
-224620.21875
-218404.28125
-211721.03125
-205888.03125
-201601.15625
-198808.09375
-196921.375
-195243.09375
-193379.96875
-191443.3125
-189943.25
-189444.3125
-190172.1875
-191789.1875
-193472.34375
-194273.9375
-193595.0
-191532.4375
-188909.15625
-186943.53125
-186691.78125
-188517.28125
-191842.71875
-195317.90625
-197344.21875
-196724.1875
-193137.40625
-187220.03125
-180206.90625
-173307.34375
-167116.78125
-161359.8125
-155106.34375
-147376.0625
-137850.09375
-127337.8125
-117742.125
-111485.875
-110612.21875
-115933.6875
-126604.875
-140327.5625
-154130.84375
-165426.34375
-172916.34375
-176991.59375
-179462.3125
-182736.75
-188777.53125
-198242.875
-210133.71875
-222059.40625
-230999.5
-234269.21875
-230349.5
-219326.375
-202845.34375
-183655.78125
-164934.5625
-149604.8125
-139819.40625
-136691.375
-140269.25
-149701.96875
-163517.78125
-179945.90625
-197221.71875
-213825.1875
-228614.75
-240838.09375
-250034.34375
-255879.9375
-258056.3125
-256214.125
-250069.90625
-239607.625
-225298.6875
-208227.3125
-190035.4375
-172669.09375
-157996.15625
-147425.28125
-141663.6875
-140697.21875
-143985.1875
-150772.84375
-160380.65625
-172347.125
-186376.375
-202133.65625
-219003.46875
-235940.78125
-251504.375
-264082.59375
-272242.84375
-275089.34375
-272517.0
-265289.875
-254933.0625
-243475.09375
-233102.78125
-225792.125
-222968.875
-225245.15625
-232277.65625
-242790.75
-254790.75
-265957.625
-274143.625
-277856.8125
-276589.125
-270880.84375
-262094.90625
-251975.0
-242140.25
-233690.59375
-227045.71875
-222038.84375
-218179.59375
-214935.625
-211893.125
-208734.25
-205079.0
-200320.03125
-193594.59375
-183970.1875
-170805.90625
-154144.1875
-134941.8125
-114999.21875
-96567.46875
-81758.78125
-71982.21875
-67628.25
-68126.5
-72340.25
-79114.625
-87727.71875
-98040.28125
-110280.125
-124571.875
-140447.90625
-156597.53125
-171013.71875
-181521.59375
-186497.3125
-185487.875
-179465.4375
-170588.21875
-161533.78125
-154640.59375
-151170.40625
-150954.46875
-152539.09375
-153757.59375
-152507.78125
-147456.375
-138445.4375
-126502.6875
-113506.65625
-101662.9375
-92978.1875
-88874.15625
-89997.125
-96198.71875
-106623.28125
-119847.40625
-134057.96875
-147288.90625
-157737.90625
-164139.21875
-166104.15625
-164294.4375
-160303.96875
-156207.1875
-153862.875
-154189.3125
-156688.0
-159444.875
-159683.84375
-154736.09375
-143104.4375
-125225.25
-103607.375
-82238.875
-65427.0625
-56461.90625
-56579.75
-64606.03125
-77407.65625
-90981.78125
-101770.28125
-107712.28125
-108665.5625
-106086.59375
-102155.53125
-98740.0625
-96630.28125
-95333.125
-93460.09375
-89487.8125
-82527.1875
-72761.5
-61387.125
-50124.875
-40560.125
-33626.78125
-29456.15625
-27618.6875
-27588.6875
-29160.03125
-32576.78125
-38303.40625
-46556.75
-56862.1875
-67904.9375
-77815.84375
-84820.40625
-87990.9375
-87763.78125
-85962.0
-85264.9375
-88302.15625
-96714.6875
-110546.9375
-128199.15625
-146943.15625
-163783.0
-176323.5625
-183335.6875
-184859.96875
-181892.1875
-175854.0
-168101.46875
-159657.1875
-151208.78125
-143279.28125
-136406.3125
-131197.9375
-128231.9375
-127876.28125
-130163.1875
-134819.03125
-141453.875
-149803.875
-159863.90625
-171783.375
-185519.5
-200386.5
-214735.1875
-225984.0625
-231094.28125
-227386.28125
-213422.9375
-189616.125
-158290.28125
-123135.0
-88216.625
-56893.65625
-31019.21875
-10694.03125
5389.15625
19199.0625
32546.0625
46513.0
61316.84375
76576.46875
91786.46875
106731.03125
121638.1875
137031.59375
153403.40625
170925.5
189388.4375
208429.3125
227942.09375
248447.53125
271193.5
297871.59375
330019.25
368343.78125
412273.09375
459967.5
508846.40625
556464.4375
601413.375
643898.28125
685753.40625
729878.375
779298.75
836193.65625
901232.90625
973431.1875
1050517.0625
1129618.40625
1207963.21875
1283318.5
1354026.875
1418683.46875
1475649.9375
1522666.75
1556778.96875
1574659.15625
1573250.4375
1550525.75
1506111.28125
1441564.125
1360208.65625
1266575.5
1165606.8125
1061853.4375
958879.375
859014.46875
763481.75
672810.96875
587362.9375
507762.53125
435075.59375
370658.4375
315730.875
270832.0
235375.90625
207505.59375
184348.40625
162635.125
139505.59375
113242.1875
83679.90625
52146.5
20946.0625
-7438.6875
-31151.75
-49505.90625
-63093.75
-73460.84375
-82492.375
-91756.875
-102044.9375
-113247.59375
-124578.1875
-135014.71875
-143773.21875
-150636.78125
-156041.9375
-160926.875
-166426.625
-173535.4375
-182839.125
-194371.9375
-207603.4375
-221530.34375
-234842.59375
-246141.1875
-254189.84375
-258171.40625
-257898.71875
-253912.125
-247404.6875
-239957.3125
-233132.03125
-228036.6875
-225004.65625
-223510.875
-222369.03125
-220154.40625
-215708.03125
-208544.3125
-199015.34375
-188176.6875
-177408.46875
-167935.21875
-160418.65625
-154762.8125
-150188.375
-145533.6875
-139665.875
-131859.0625
-122020.15625
-110705.09375
-98938.5625
-87908.6875
-78634.09375
-71699.125
-67122.59375
-64385.6875
-62602.53125
-60781.875
-58108.03125
-54164.84375
-49043.25
-43303.875
-37808.96875
-33475.5625
-31024.53125
-30797.53125
-32687.34375
-36186.8125
-40524.625
-44836.4375
-48325.75
-50388.90625
-50704.59375
-49297.9375
-46581.03125
-43351.65625
-40714.5625
-39896.8125
-41962.25
-47482.875
-56268.71875
-67268.65625
-78713.25
-88491.25
-94659.0
-95922.625
-91933.3125
-83302.46875
-71352.0
-57714.125
-43945.09375
-31291.0
-20656.5625
-12722.15625
-8081.5625
-7270.40625
-10626.5625
-18029.53125
-28656.59375
-40915.46875
-52653.6875
-61624.71875
-66066.65625
-65182.25
-59330.09375
-49845.9375
-38558.96875
-27189.03125
-16852.03125
-7847.375
222.78125
8088.9375
16380.03125
25304.59375
34560.15625
43474.90625
51288.21875
57434.5
61718.4375
64339.625
65799.21875
66763.875
67958.90625
70118.46875
73972.53125
80222.53125
89467.40625
102083.1875
118101.59375
137153.5
158524.84375
181322.375
204691.875
228000.90625
250908.3125
273294.0625
295086.96875
316078.875
335821.53125
353667.59375
368952.28125
381249.46875
390601.96875
397634.8125
403506.25
409712.53125
417811.34375
429150.59375
444674.46875
464843.78125
489665.625
518797.59375
551681.8125
587671.0
626126.78125
666486.75
708309.53125
751309.9375
795394.375
840700.375
887638.0625
936922.59375
989584.21875
1046941.28125
1110531.40625
1182009.5
1263039.125
1355214.75
1460049.125
1579040.84375
1713807.09375
1866237.125
2038609.90625
2233630.3125
2454370.21875
2704139.34375
2986334.96875
3304318.96875
3661340.5625
4060484.34375
4504593.40625
4996119.5
5536883.71875
6127780.6875
6768492.21875
7457273.4375
8190829.46875
8964233.0625
9770785.8125
1.06017325625E7
1.14458144375E7
1.228876875E7
1.31129989375E7
1.389768428125E7
1.461953365625E7
1.525422184375E7
1.577832846875E7
1.617142028125E7
1.6417848375E7
1.65079119375E7
1.6438238E7
1.62114663125E7
1.5835507625E7
1.53226956875E7
1.468905984375E7
1.39537621875E7
1.313856328125E7
1.226709240625E7
1.13637506875E7
1.04522445625E7
9553953.59375
8686483.4375
7862764.84375
7090922.5625
6374904.71875
5715629.46875
5112266.59375
4563277.125
4066976.34375
3621595.78125
3225010.1875
2874392.71875
2566039.28125
2295484.9375
2057886.125
1848525.46875
1663255.21875
1498737.28125
1352429.03125
1222363.625
1106838.84375
1004144.28125
912423.125
829708.0625
754107.5625
684070.90625
618634.9375
557555.5
501252.96875
450550.59375
406251.53125
368666.21875
337244.1875
310459.84375
286037.6875
261491.78125
234832.1875
205205.75
173233.65625
140896.125
110968.46875
86179.4375
68370.96875
57942.0
53756.0
53517.4375
54453.6875
54040.875
50523.03125
43085.125
31694.4375
16757.0
-1213.40625
-21758.9375
-44427.71875
-68584.34375
-93226.03125
-116945.8125
-138108.71875
-155202.3125
-167236.75
-174040.78125
-176336.6875
-175560.3125
-173483.46875
-171759.75
-171533.75
-173221.96875
-176515.9375
-180588.875
-184429.71875
-187195.6875
-188468.5
-188327.65625
-187208.46875
-185586.84375
-183604.8125
-180795.46875
-176053.46875
-167923.15625
-155150.96875
-137320.28125
-115311.9375
-91355.1875
-68566.09375
-50068.21875
-37980.625
-32651.0
-32455.8125
-34292.8125
-34624.71875
-30706.28125
-21542.0
-8217.3125
6508.40625
19170.6875
26741.25
27509.40625
21408.09375
9740.65625
-5485.09375
-22273.71875
-39098.0
-54953.96875
-69095.125
-80683.53125
-88618.65625
-91686.4375
-88981.90625
-80396.65625
-66910.4375
-50510.15625
-33731.375
-18991.25
-7969.96875
-1261.375
1620.09375
1949.4375
1392.09375
1669.75
4373.5
10885.4375
22296.375
39223.65625
61530.59375
88068.8125
116626.25
144221.40625
167742.125
184752.34375
194173.53125
196556.65625
193806.625
188443.34375
182683.46875
177706.84375
173394.375
168620.625
161947.8125
152406.6875
140030.03125
125933.5
111945.625
99977.78125
91412.90625
86747.25
85580.0
86884.9375
89395.34375
91927.84375
93548.40625
93592.28125
91622.96875
87420.21875
81030.15625
72832.28125
63536.46875
54041.59375
45162.46875
37317.1875
30312.875
23343.40625
15225.71875
4793.84375
-8701.78125
-25344.90625
-44538.625
-65207.625
-86114.25
-106157.25
-124557.59375
-140908.0
-155126.03125
-167373.59375
-177980.46875
-187364.84375
-195916.96875
-203827.5625
-210899.25
-216436.15625
-219321.53125
-218338.4375
-212673.5
-202426.375
-188889.0625
-174410.34375
-161812.0
-153521.625
-150734.75
-152944.875
-158056.90625
-163070.96875
-165089.90625
-162268.28125
-154345.53125
-142583.25
-129173.09375
-116390.21875
-105844.15625
-98098.3125
-92741.46875
-88790.15625
-85180.0
-81113.3125
-76151.25
-70096.375
-62820.84375
-54199.875
-44216.1875
-33168.5625
-21826.59375
-11378.9375
-3126.09375
1985.625
3783.9375
3032.1875
1224.53125
73.65625
895.75
4149.78125
9316.5
15145.96875
20136.84375
23018.40625
23030.96875
19924.09375
13745.15625
4595.3125
-7471.9375
-22334.96875
-39538.59375
-58055.53125
-76257.5625
-92184.90625
-104048.71875
-110771.53125
-112331.59375
-109752.84375
-104735.71875
-99081.40625
-94145.34375
-90529.125
-88097.28125
-86255.90625
-84322.25
-81803.75
-78482.8125
-74325.71875
-69328.25
-63430.6875
-56571.4375
-48845.4375
-40650.0625
-32691.375
-25793.3125
-20566.375
-17088.6875
-14771.1875
-12509.15625
-9088.5625
-3691.15625
3716.78125
12283.34375
20504.0625
26691.625
29485.4375
28200.96875
22904.46875
14228.5625
3053.0
-9787.65625
-23654.28125
-38090.4375
-52716.0625
-67131.59375
-80904.5
-93634.875
-105030.875
-114908.65625
-123080.53125
-129181.3125
-132550.21875
-132290.3125
-127553.46875
-117975.34375
-104079.03125
-87436.5
-70454.03125
-55804.4375
-45695.6875
-41259.59375
-42313.5625
-47598.21875
-55386.5625
-64194.6875
-73276.3125
-82684.15625
-92883.84375
-104120.90625
-115866.0625
-126637.21875
-134329.46875
-136948.6875
-133451.09375
-124325.1875
-111647.875
-98560.09375
-88344.28125
-83444.09375
-84781.15625
-91593.0625
-101804.875
-112747.71875
-121932.875
-127613.65625
-128993.8125
-126102.9375
-119482.8125
-109862.375
-97949.46875
-84367.59375
-69682.15625
-54429.0
-39091.78125
-24040.78125
-9499.71875
4390.125
17393.0
28956.0625
38069.25
43332.8125
43281.59375
36892.875
24095.09375
6056.1875
-14908.9375
-35829.53125
-53818.65625
-66798.34375
-73936.8125
-75636.65625
-73095.875
-67644.21875
-60152.21875
-50776.5
-39153.3125
-24948.0
-8500.0
8753.65625
24310.5625
35137.0
38535.625
33029.125
18920.21875
-1693.75
-25469.90625
-48739.6875
-68478.625
-83001.46875
-92178.375
-97153.21875
-99719.59375
-101608.53125
-103933.3125
-106940.53125
-110083.5
-112321.1875
-112495.34375
-109656.40625
-103269.9375
-93302.21875
-80221.3125
-64949.65625
-48778.71875
-33230.71875
-19852.59375
-9955.46875
-4355.40625
-3199.40625
-5952.5
-11573.5
-18833.8125
-26674.125
-34472.28125
-42130.6875
-49965.34375
-58460.4375
-68003.0
-78707.625
-90387.125
-102647.1875
-115023.65625
-127067.21875
-138323.28125
-148226.78125
-155997.5625
-160643.1875
-161135.84375
-156745.4375
-147419.78125
-134051.15625
-118485.34375
-103214.3125
-90814.90625
-83301.03125
-81603.125
-85353.4375
-93051.09375
-102549.4375
-111699.9375
-118940.125
-123645.0
-126151.71875
-127482.28125
-128883.09375
-131346.4375
-135266.21875
-140321.4375
-145601.1875
-149911.375
-152156.875
-151679.96875
-148456.9375
-143099.28125
-136660.03125
-130300.0
-124908.625
-120788.1875
-117498.75
-113916.5625
-108500.375
-99697.8125
-86381.09375
-68192.59375
-45707.15625
-20374.15625
5736.78125
30313.125
51206.5
66785.9375
76182.71875
79404.6875
77320.15625
71522.25
64086.96875
57246.65625
53019.5
52862.3125
57432.15625
66536.59375
79311.3125
94592.59375
111379.125
129229.5
148450.78125
169999.78125
195126.3125
224889.25
259732.84375
299290.34375
342492.5625
387932.46875
434329.90625
480898.46875
527458.375
574250.53125
621535.125
669151.75
716231.1875
761180.96875
801945.90625
836429.90625
862903.34375
880242.96875
887940.875
885932.75
874379.03125
853544.21875
823855.25
786112.21875
741727.1875
692829.09375
642117.84375
592461.4375
546352.8125
505425.0
470217.125
440290.5
414652.09375
392312.21875
372746.09375
356072.40625
342888.28125
333854.71875
329241.375
328659.34375
331125.9375
335453.0625
340796.0625
347117.09375
355343.15625
367126.21875
384286.84375
408164.9375
439145.21875
476551.75
518940.96875
564644.90625
612302.25
661122.3125
710753.1875
760817.6875
810347.78125
857414.96875
899181.25
932410.78125
954269.8125
963094.15625
958796.03125
942722.71875
917013.75
883725.46875
844104.28125
798333.34375
745874.09375
686256.0
619957.9375
548964.78125
476708.34375
407360.84375
344731.8125
291202.625
247131.65625
210977.5625
180094.6875
151878.40625
124800.34375
98927.90625
75749.1875
57416.21875
45755.84375
41474.59375
43875.5
51167.15625
61184.5625
72177.6875
83321.0625
94750.625
107164.90625
121225.4375
137066.78125
154150.90625
171514.0625
188254.03125
203985.53125
219014.28125
234126.96875
250098.9375
267176.875
284823.96875
301900.28125
317239.9375
330379.5625
342086.8125
354393.90625
370038.4375
391473.03125
419812.65625
454145.78125
491515.53125
527619.6875
557990.78125
579222.15625
589781.40625
590116.84375
582045.3125
567695.90625
548456.9375
524361.96875
494162.34375
456047.84375
408711.1875
352315.0
288962.4375
222474.1875
157548.1875
98613.375
48791.1875
9317.03125
-20420.1875
-42302.9375
-58643.125
-71409.125
-81783.71875
-90146.8125
-96394.0
-100380.15625
-102261.46875
-102598.21875
-102216.15625
-101945.625
-102404.15625
-103946.0625
-106795.9375
-111270.90625
-117933.96875
-127543.4375
-140760.15625
-157703.5
-177545.5
-198353.25
-217315.8125
-231350.3125
-237928.3125
-235859.40625
-225760.34375
-210028.9375
-192301.84375
-176547.03125
-166061.96875
-162678.34375
-166404.0625
-175589.4375
-187540.0625
-199364.1875
-208785.15625
-214677.09375
-217187.875
-217453.28125
-217035.5625
-217298.09375
-218928.78125
-221756.46875
-224890.21875
-227096.90625
-227255.4375
-224715.8125
-219446.09375
-211946.53125
-203004.15625
-193417.40625
-183811.84375
-174606.65625
-166104.75
-158614.65625
-152498.78125
-148092.59375
-145524.21875
-144540.375
-144469.15625
-144399.40625
-143551.625
-141701.03125
-139452.21875
-138196.375
-139700.84375
-145445.78125
-155955.5
-170406.375
-186706.03125
-202055.0
-213801.28125
-220267.96875
-221237.4375
-217912.625
-212391.84375
-206891.5
-203042.78125
-201535.0625
-202208.125
-204486.375
-207901.40625
-212429.375
-218482.21875
-226577.875
-236880.65625
-248868.1875
-261315.375
-272624.625
-281355.3125
-286707.21875
-288734.09375
-288199.59375
-286161.25
-283497.6875
-280609.28125
-277422.3125
-273661.1875
-269210.78125
-264346.375
-259683.75
-255859.875
-253111.46875
-250991.21875
-248408.4375
-244022.65625
-236836.34375
-226714.78125
-214573.78125
-202117.53125
-191215.15625
-183178.15625
-178257.9375
-175590.0625
-173616.28125
-170800.6875
-166326.46875
-160471.6875
-154509.21875
-150188.78125
-149038.59375
-151790.9375
-158163.46875
-167055.65625
-177030.71875
-186834.375
-195705.59375
-203352.65625
-209640.0
-214177.375
-216051.75
-213878.09375
-206194.8125
-192065.125
-171639.96875
-146434.59375
-119175.0
-93233.03125
-71827.875
-57260.4375
-50437.0625
-50831.4375
-56876.65625
-66627.9375
-78447.5625
-91467.1875
-105673.1875
-121605.21875
-139803.3125
-160230.9375
-181909.59375
-202919.71875
-220784.34375
-233106.8125
-238238.65625
-235741.53125
-226487.75
-212379.90625
-195809.75
-179061.84375
-163865.5
-151213.90625
-141443.96875
-134463.59375
-129972.1875
-127562.34375
-126688.46875
-126587.40625
-126279.59375
-124740.71875
-121230.84375
-115652.625
-108752.46875
-102016.0625
-97237.3125
-95901.28125
-98633.28125
-104968.90625
-113574.5
-122847.0
-131638.5625
-139773.03125
-148098.375
-158021.09375
-170708.28125
-186308.9375
-203555.0
-219946.125
-232468.625
-238562.875
-236944.46875
-227952.375
-213308.21875
-195426.03125
-176591.40625
-158355.5
-141355.875
-125559.03125
-110723.78125
-96807.34375
-84105.90625
-73090.6875
-64078.1875
-56961.1875
-51183.84375
-45994.4375
-40841.40625
-35682.25
-31011.125
-27559.34375
-25809.3125
-25584.84375
-25966.71875
-25633.9375
-23513.5625
-19448.4375
-14549.71875
-11020.5
-11469.125
-17963.65625
-31209.15625
-50187.53125
-72409.5
-94672.53125
-114017.90625
-128516.15625
-137610.34375
-141952.125
-142879.09375
-141807.75
-139805.625
-137479.40625
-135142.75
-133096.75
-131821.71875
-131950.59375
-134022.71875
-138136.0625
-143671.375
-149229.78125
-152836.125
-152355.5625
-145999.46875
-132779.28125
-112797.0625
-87312.6875
-58576.5625
-29451.875
-2879.25
18730.75
34054.65625
43211.5625
47779.375
50403.40625
54055.25
61139.0625
72737.84375
88285.53125
105825.125
122801.59375
137122.5
148091.1875
156841.46875
166081.75
179223.5
199213.4375
227511.15625
263594.59375
305164.40625
348940.59375
391718.4375
431269.78125
466765.1875
498607.46875
527809.875
555219.3125
580914.28125
603999.09375
622830.90625
635539.71875
