# File created = Wednesday, January 8, 2025 at 9:46:57 AM Central European Standard Time
# Data set = metacetamol_600  16  1  D:\widma\BEST-CSP
# Spectral Region:
# LEFT = 300.0 ppm. RIGHT = 0.0 ppm.
#
# SIZE = 5980 ( = number of points)
#
# In the following ordering is from the 'left' to the 'right' limits!
# Lines beginning with '#' must be considered as comment lines.
#
-2533.140625
-1949.626953125
-1024.9697265625
212.92578125
1781.1357421875
3614.318359375
5478.3740234375
6982.00390625
7694.41796875
7322.576171875
5866.615234375
3674.7939453125
1359.966796875
-399.619140625
-1099.1513671875
-589.140625
873.603515625
2723.9375
4289.439453125
5006.833984375
4565.2626953125
2928.3388671875
248.1669921875
-3263.7197265625
-7427.3671875
-12093.8447265625
-17057.279296875
-21941.1689453125
-26146.986328125
-28931.224609375
-29614.224609375
-27849.4609375
-23833.228515625
-18339.986328125
-12531.9580078125
-7588.5048828125
-4288.69140625
-2717.103515625
-2226.947265625
-1696.1171875
9.26953125
3541.51953125
8747.4228515625
14651.849609375
19766.5966796875
22612.0146484375
22253.232421875
18647.10546875
12671.8544921875
5836.0654296875
-214.9130859375
-4207.9619140625
-5587.0009765625
-4590.201171875
-2064.3134765625
885.2421875
3266.1015625
4467.0576171875
4358.5390625
3234.0732421875
1652.654296875
254.890625
-395.1357421875
75.5283203125
1771.6875
4483.6181640625
7681.8935546875
10581.12890625
12297.3232421875
12091.6875
9643.833984375
5255.0869140625
-122.875
-5093.0888671875
-8223.9462890625
-8542.5078125
-5929.16015625
-1244.0029296875
3897.5087890625
7648.50390625
8576.392578125
6188.7548828125
1129.591796875
-5043.189453125
-10424.572265625
-13459.2724609375
-13498.3369140625
-10998.5888671875
-7290.9931640625
-4017.9423828125
-2471.9228515625
-3103.6748046875
-5392.4677734375
-8117.3662109375
-9902.1533203125
-9797.9189453125
-7660.7109375
-4176.7802734375
-541.6064453125
2056.28515625
2920.7353515625
2100.6064453125
316.2509765625
-1390.8896484375
-2121.8984375
-1495.251953125
218.853515625
2244.58984375
3644.94140625
3704.255859375
2185.1923828125
-635.55859375
-4143.6416015625
-7673.9296875
-10766.833984375
-13280.7490234375
-15325.6845703125
-17072.9326171875
-18554.2890625
-19565.52734375
-19733.3818359375
-18720.5986328125
-16469.9287109375
-13360.2373046875
-10179.8515625
-7900.767578125
-7327.974609375
-8761.1220703125
-11812.4326171875
-15470.55078125
-18405.73046875
-19415.203125
-17847.7705078125
-13848.328125
-8326.337890625
-2653.66796875
1801.9384765625
4139.5244140625
4215.8193359375
2659.4755859375
605.796875
-747.2998046875
-595.0703125
1177.890625
3972.47265625
6729.849609375
8368.19921875
8231.9970703125
6376.9716796875
3574.3515625
1025.4560546875
-108.2109375
822.3095703125
3667.0791015625
7499.169921875
10948.4921875
12726.6708984375
12141.228515625
9394.0966796875
5538.4970703125
2100.5693359375
506.173828125
1534.5478515625
5014.3056640625
9883.7734375
14593.1806640625
17689.107421875
18348.52734375
16651.7060546875
13491.671875
10167.9775390625
7841.0712890625
7076.5869140625
7664.3486328125
8774.8857421875
9370.20703125
8679.19140625
6526.9970703125
3380.1640625
100.8525390625
-2464.9794921875
-3869.0107421875
-4234.8017578125
-4148.9326171875
-4327.732421875
-5224.2275390625
-6767.677734375
-8365.0419921875
-9169.060546875
-8489.88671875
-6156.2939453125
-2652.2724609375
1042.9521484375
3846.03515625
5017.60546875
4464.431640625
2758.2119140625
863.4638671875
-298.7978515625
-249.1416015625
874.1962890625
2439.8994140625
3684.6904296875
4133.27734375
3869.0693359375
3516.1455078125
3929.70703125
5733.8486328125
8925.4326171875
12741.9287109375
15876.53125
16966.5615234375
15152.5498046875
10465.248046875
3866.1474609375
-3085.1083984375
-8801.1376953125
-12236.1318359375
-13216.2373046875
-12398.6240234375
-10889.595703125
-9699.6826171875
-9280.7978515625
-9348.509765625
-9061.3701171875
-7468.4775390625
-4017.9482421875
1105.60546875
6967.888671875
12204.158203125
15532.873046875
16242.59765625
14446.0654296875
10999.1572265625
7127.5302734375
3925.5146484375
1938.9736328125
998.8818359375
359.0087890625
-938.6943359375
-3637.138671875
-7955.42578125
-13514.9814453125
-19509.28125
-25023.2548828125
-29354.8359375
-32205.87890625
-33680.5546875
-34120.5712890625
-33875.7900390625
-33127.0234375
-31840.8544921875
-29865.3154296875
-27105.2646484375
-23679.453125
-19972.8583984375
-16550.10546875
-13963.0986328125
-12537.078125
-12231.59765625
-12641.900390625
-13146.2802734375
-13142.8095703125
-12280.5322265625
-10591.40234375
-8468.6376953125
-6498.140625
-5207.8916015625
-4833.23046875
-5191.615234375
-5720.8564453125
-5674.6640625
-4410.3017578125
-1666.154296875
2274.75390625
6604.248046875
10199.6826171875
11967.0302734375
11207.2607421875
7881.3251953125
2676.0537109375
-3163.8408203125
-8193.1748046875
-11200.2509765625
-11572.34375
-9466.0537109375
-5721.2314453125
-1547.791015625
1902.1396484375
3920.9541015625
4450.1630859375
4031.1845703125
3528.7939453125
3742.3955078125
5063.4052734375
7316.4609375
9845.330078125
11802.6513671875
12518.2451171875
11789.203125
9969.7548828125
7825.1826171875
6214.7109375
5740.134765625
6509.181640625
8110.6376953125
9805.47265625
10845.5986328125
10779.8916015625
9617.4697265625
7784.9169921875
5906.2060546875
4510.2412109375
3798.0078125
3569.1796875
3333.1962890625
2547.39453125
871.763671875
-1671.6220703125
-4698.5126953125
-7612.7587890625
-9834.107421875
-11003.78515625
-11087.2958984375
-10346.2998046875
-9210.0048828125
-8113.7861328125
-7373.814453125
-7135.7607421875
-7392.552734375
-8034.603515625
-8891.2568359375
-9743.791015625
-10322.3857421875
-10320.9189453125
-9459.28125
-7593.5703125
-4835.955078125
-1621.3740234375
1334.6298828125
3202.083984375
3284.3740234375
1258.951171875
-2687.8681640625
-7895.2626953125
-13426.3525390625
-18354.7890625
-22023.7587890625
-24173.5283203125
-24893.9208984375
-24439.6904296875
-23011.216796875
-20618.4931640625
-17103.6865234375
-12315.638671875
-6347.26171875
295.1123046875
6699.71484375
11765.6240234375
14557.9990234375
14657.8369140625
12349.626953125
8550.640625
4494.4296875
1290.505859375
-458.10546875
-817.1708984375
-393.7783203125
23.9013671875
-101.9091796875
-752.4912109375
-1316.6591796875
-852.115234375
1461.416015625
5872.3291015625
11812.095703125
17975.8603515625
22715.267578125
24599.220703125
22925.994140625
17986.5634765625
10976.8310546875
3594.2509765625
-2524.5068359375
-6312.19140625
-7542.498046875
-6780.5107421875
-5054.986328125
-3398.5283203125
-2441.90625
-2214.4228515625
-2211.478515625
-1682.3515625
-8.5009765625
2984.8203125
6906.5078125
10911.0048828125
13995.8369140625
15368.693359375
14744.1728515625
12458.7216796875
9360.0830078125
6509.515625
4802.5703125
4644.4013671875
5798.4248046875
7468.109375
8589.9873046875
8239.009765625
6002.095703125
2179.865234375
-2268.103515625
-6029.189453125
-7895.3515625
-7209.87109375
-4134.751953125
371.357421875
4870.1630859375
7947.7265625
8719.912109375
7145.1484375
4018.5732421875
643.4091796875
-1696.146484375
-2253.345703125
-1120.1064453125
813.6689453125
2230.4404296875
1938.0791015625
-617.5791015625
-5089.08984375
-10320.150390625
-14757.1796875
-17013.4384765625
-16361.078125
-12961.9013671875
-7760.0048828125
-2099.1650390625
2765.287109375
6060.5810546875
7653.26953125
7938.4765625
7548.2001953125
7033.4921875
6667.33984375
6439.833984375
6214.4560546875
5935.2646484375
5756.673828125
6016.814453125
7064.9912109375
9036.865234375
11704.8369140625
14497.8935546875
16700.771484375
17748.7958984375
17479.357421875
16213.1015625
14613.884765625
13381.1953125
12912.0244140625
13089.9755859375
13306.1220703125
12712.078125
10599.1220703125
6737.5517578125
1526.0185546875
-4115.876953125
-9065.470703125
-12388.900390625
-13643.494140625
-12974.1015625
-10983.3154296875
-8455.154296875
-6068.1416015625
-4222.66796875
-3038.3251953125
-2486.28515625
-2555.9580078125
-3346.111328125
-5021.2275390625
-7656.291015625
-11063.697265625
-14716.6494140625
-17841.58203125
-19667.263671875
-19732.076171875
-18107.98828125
-15424.08203125
-12656.3408203125
-10756.2685546875
-10269.4638671875
-11108.4638671875
-12583.5537109375
-13686.4501953125
-13512.771484375
-11648.6123046875
-8360.9775390625
-4514.5634765625
-1251.3369140625
434.953125
59.9267578125
-2190.013671875
-5544.49609375
-8932.904296875
-11343.451171875
-12121.443359375
-11111.50390625
-8621.037109375
-5251.83984375
-1685.1328125
1497.92578125
3913.2587890625
5385.943359375
5906.9384765625
5572.37890625
4531.470703125
2950.2509765625
986.5859375
-1227.2216796875
-3589.0673828125
-6008.2705078125
-8359.8037109375
-10427.2099609375
-11870.3740234375
-12259.9248046875
-11200.076171875
-8518.8798828125
-4457.416015625
236.78125
4391.212890625
6684.201171875
6050.548828125
2081.12109375
-4742.5107421875
-13093.2529296875
-21138.625
-27073.7998046875
-29661.0615234375
-28577.2958984375
-24441.2861328125
-18518.4580078125
-12229.607421875
-6666.2509765625
-2304.677734375
982.017578125
3648.548828125
6088.298828125
8324.544921875
9930.9267578125
10216.86328125
8585.599609375
4889.3720703125
-393.8037109375
-6254.3408203125
-11482.57421875
-15093.3681640625
-16656.71484375
-16391.48046875
-14989.5185546875
-13261.0302734375
-11771.271484375
-10636.6748046875
-9567.3193359375
-8121.78515625
-6037.7041015625
-3465.6826171875
-982.2666015625
633.9140625
761.7255859375
-737.8349609375
-3391.4091796875
-6249.8466796875
-8241.5322265625
-8591.75
-7125.2568359375
-4320.4619140625
-1094.2421875
1584.4736328125
3080.8427734375
3313.205078125
2717.4404296875
1984.767578125
1700.6787109375
2051.7236328125
2730.0390625
3072.1796875
2363.2265625
166.79296875
-3463.7392578125
-7978.8701171875
-12524.7138671875
-16242.169921875
-18544.4345703125
-19264.5556640625
-18630.7001953125
-17104.919921875
-15175.1337890625
-13197.9130859375
-11351.9970703125
-9701.1513671875
-8310.75
-7340.3681640625
-7052.7314453125
-7726.130859375
-9508.7880859375
-12285.1416015625
-15621.8720703125
-18828.375
-21118.5908203125
-21820.18359375
-20559.72265625
-17363.66015625
-12647.3369140625
-7102.927734375
-1527.103515625
3358.748046875
7049.173828125
9327.9267578125
10267.4453125
10166.361328125
9448.4130859375
8550.94140625
7830.2470703125
7505.3203125
7650.8544921875
8236.015625
9190.2265625
10466.5654296875
12072.9921875
14053.9638671875
16427.263671875
19104.2646484375
21835.373046875
24217.7197265625
25778.7724609375
26115.939453125
25043.244140625
22685.9765625
19479.5283203125
16064.455078125
13111.140625
11135.80859375
10372.0341796875
10737.2626953125
11893.81640625
13367.46484375
14670.6279296875
15387.8740234375
15210.8681640625
13941.03125
11492.8603515625
7920.9130859375
3464.7080078125
-1423.6650390625
-6114.6328125
-9924.330078125
-12307.1396484375
-13051.732421875
-12391.818359375
-10962.001953125
-9588.7275390625
-8982.4287109375
-9453.65234375
-10781.634765625
-12308.65234375
-13236.55078125
-13005.140625
-11582.396484375
-9522.1513671875
-7741.6953125
-7099.87109375
-7958.1650390625
-9932.310546875
-11971.8232421875
-12764.3671875
-11310.849609375
-7424.6162109375
-1921.1455078125
3615.2255859375
7420.8525390625
8269.2001953125
6013.26953125
1709.8125
-2752.3818359375
-5389.494140625
-4932.8662109375
-1377.3984375
3969.091796875
8972.1318359375
11508.494140625
10323.5498046875
5562.8798828125
-1238.9033203125
-7712.8466796875
-11539.056640625
-11316.8623046875
-7090.076171875
-335.5439453125
6567.6171875
11177.16015625
11820.791015625
8129.3779296875
1104.11328125
-7271.0029296875
-14703.4833984375
-19305.49609375
-20113.6884765625
-17276.3203125
-11893.529296875
-5605.294921875
-80.7900390625
3436.125
4413.4599609375
3100.1357421875
387.0146484375
-2487.224609375
-4306.55859375
-4234.2314453125
-2066.947265625
1684.544921875
5922.8623046875
9278.9208984375
10532.9560546875
9014.0146484375
4841.4775390625
-1086.8828125
-7372.3408203125
-12571.66796875
-15671.859375
-16406.1171875
-15288.466796875
-13352.0537109375
-11695.17578125
-11019.4140625
-11349.849609375
-12053.1240234375
-12144.583984375
-10753.275390625
-7546.0634765625
-2929.173828125
2059.7451171875
6124.39453125
8191.408203125
7801.490234375
5253.3330078125
1451.7021484375
-2463.6044921875
-5543.4638671875
-7332.04296875
-7932.509765625
-7831.84375
-7586.103515625
-7521.771484375
-7590.353515625
-7433.81640625
-6616.515625
-4902.1064453125
-2435.7451171875
261.0439453125
2486.50390625
3659.9892578125
3593.0263671875
2605.919921875
1431.7978515625
940.91015625
1794.1015625
4164.044921875
7635.09765625
11321.044921875
14155.17578125
15243.2314453125
14150.58203125
11024.982421875
6520.8349609375
1563.552734375
-2953.9189453125
-6433.6923828125
-8708.8486328125
-10018.0302734375
-10843.181640625
-11681.0009765625
-12836.7900390625
-14315.1533203125
-15841.943359375
-17001.0205078125
-17425.9052734375
-16966.142578125
-15758.7138671875
-14173.1416015625
-12651.142578125
-11507.6962890625
-10780.833984375
-10201.7470703125
-9308.642578125
-7665.0400390625
-5092.3828125
-1811.7041015625
1579.8251953125
4303.822265625
5696.0947265625
5479.3486328125
3889.4228515625
1587.5888671875
-616.134765625
-2114.8701171875
-2774.642578125
-2990.857421875
-3489.890625
-4950.6884765625
-7612.3388671875
-11054.4775390625
-14272.6982421875
-16044.1982421875
-15443.9560546875
-12290.6474609375
-7315.564453125
-1956.8583984375
2158.31640625
3839.5361328125
2804.7314453125
-208.3251953125
-3747.2626953125
-6244.498046875
-6658.501953125
-4883.71484375
-1755.2783203125
1348.3310546875
3125.52734375
2919.1845703125
983.1396484375
-1662.8525390625
-3714.2353515625
-4174.1826171875
-2788.1328125
-129.5751953125
2689.44140625
4537.009765625
4762.3544921875
3448.689453125
1311.1806640625
-696.146484375
-1864.9375
-2071.5576171875
-1810.9501953125
-1917.8486328125
-3120.5390625
-5651.29296875
-9105.474609375
-12615.3935546875
-15248.1591796875
-16426.79296875
-16164.8583984375
-15000.94921875
-13672.296875
-12700.044921875
-12104.9892578125
-11407.6201171875
-9921.193359375
-7193.1162109375
-3365.6689453125
743.6201171875
3909.720703125
5011.6513671875
3555.380859375
-43.962890625
-4570.2177734375
-8475.7041015625
-10512.501953125
-10244.751953125
-8210.5458984375
-5660.083984375
-3990.5654296875
-4136.2939453125
-6189.8212890625
-9418.4072265625
-12653.103515625
-14854.37890625
-15580.609375
-15140.0205078125
-14365.052734375
-14133.2724609375
-14880.8828125
-16354.9501953125
-17729.517578125
-18028.65625
-16645.8623046875
-13699.5283203125
-10043.18359375
-6918.1865234375
-5412.7373046875
-5987.6533203125
-8298.123046875
-11396.2451171875
-14211.794921875
-16070.703125
-16990.9755859375
-17605.7177734375
-18750.044921875
-20921.5263671875
-23896.0341796875
-26713.892578125
-28073.666015625
-26966.7421875
-23253.9560546875
-17893.0087890625
-12674.0517578125
-9544.8056640625
-9802.6162109375
-13506.1162109375
-19375.341796875
-25241.16015625
-28865.4169921875
-28790.439453125
-24864.01171875
-18229.18359375
-10801.9677734375
-4478.79296875
-422.26171875
1276.5869140625
1441.7333984375
1269.021484375
1671.6044921875
2825.1259765625
4116.521484375
4503.9423828125
3102.5166015625
-290.404296875
-4983.109375
-9594.1171875
-12584.599609375
-12882.134765625
-10321.9169921875
-5716.912109375
-533.9970703125
3677.8916015625
5863.34375
5806.9345703125
4127.126953125
1947.828125
406.728515625
210.998046875
1410.4892578125
3452.6748046875
5464.0078125
6620.662109375
6456.45703125
5003.296875
2739.734375
397.412109375
-1285.6259765625
-1778.8408203125
-887.0078125
1221.8974609375
4074.822265625
7013.712890625
9354.0947265625
10558.3837890625
10392.2685546875
9021.251953125
7002.517578125
5146.8203125
4267.8466796875
4888.4833984375
7010.02734375
10047.7060546875
12985.333984375
14717.5791015625
14464.0263671875
12094.1474609375
8222.4794921875
4017.10546875
780.544921875
-538.548828125
292.859375
2708.1123046875
5574.4052734375
7652.2294921875
8093.1904296875
6771.1796875
4311.232421875
1807.46484375
351.5810546875
570.98046875
2367.8984375
4962.939453125
7217.2138671875
8092.693359375
7058.3154296875
4279.1181640625
521.1748046875
-3176.5078125
-5920.984375
-7304.8447265625
-7537.5400390625
-7329.408203125
-7587.076171875
-9045.7314453125
-11977.1015625
-16072.6611328125
-20530.806640625
-24304.4208984375
-26417.2197265625
-26245.9375
-23688.0
-19177.318359375
-13557.4638671875
-7858.3349609375
-3042.4296875
211.3720703125
1632.8857421875
1367.4013671875
-129.69921875
-2271.806640625
-4532.2666015625
-6583.271484375
-8337.474609375
-9885.6640625
-11367.22265625
-12840.0390625
-14217.6552734375
-15309.771484375
-15949.58203125
-16141.61328125
-16142.6962890625
-16411.2802734375
-17420.87109375
-19406.36328125
-22161.4267578125
-25002.333984375
-26952.1044921875
-27100.8662109375
-25006.9423828125
-20963.5322265625
-15993.41015625
-11539.7880859375
-8953.1796875
-8973.17578125
-11422.140625
-15250.5986328125
-18929.9580078125
-21038.609375
-20799.4345703125
-18342.765625
-14585.404296875
-10783.931640625
-7964.6884765625
-6487.5146484375
-5939.1044921875
-5400.7666015625
-3962.462890625
-1239.5947265625
2354.97265625
5720.375
7519.65625
6774.7548828125
3334.513671875
-2001.8935546875
-7771.0927734375
-12422.4345703125
-14935.7978515625
-15211.208984375
-14062.5205078125
-12822.4296875
-12735.61328125
-14404.8984375
-17524.8740234375
-21005.2001953125
-23414.6025390625
-23543.66796875
-20847.453125
-15598.4423828125
-8718.73046875
-1400.318359375
5299.5751953125
10715.8720703125
14605.669921875
16990.470703125
17936.70703125
17414.673828125
15315.97265625
11611.3291015625
6547.1337890625
753.2607421875
-4821.7353515625
-9143.3359375
-11400.052734375
-11256.24609375
-8941.3017578125
-5144.21875
-770.6474609375
3325.40234375
6526.275390625
8499.0634765625
9131.0625
8429.787109375
6468.814453125
3414.8046875
-395.9833984375
-4410.478515625
-7916.490234375
-10225.546875
-10921.787109375
-10059.771484375
-8194.138671875
-6190.45703125
-4871.431640625
-4644.390625
-5284.7353515625
-5994.2919921875
-5733.2060546875
-3693.7265625
292.583984375
5604.7607421875
11020.49609375
15170.4951171875
17062.6279296875
16443.779296875
13840.328125
10267.38671875
6751.6767578125
3898.71484375
1709.017578125
-277.97265625
-2598.748046875
-5448.5732421875
-8459.6923828125
-10804.591796875
-11586.96484375
-10329.2255859375
-7303.4921875
-3517.833984375
-333.9736328125
1121.9306640625
479.51171875
-1683.197265625
-4086.6787109375
-5338.8095703125
-4596.205078125
-1980.3515625
1464.3984375
4270.541015625
5281.5673828125
4272.5087890625
2146.5751953125
586.5595703125
1295.26171875
5162.244140625
11746.1259765625
19332.4873046875
25571.7265625
28434.6494140625
27069.712890625
22178.806640625
15736.7783203125
10170.802734375
7357.126953125
7874.009765625
10833.2333984375
14351.4541015625
16436.267578125
15880.9501953125
12767.599609375
8365.98828125
4495.92578125
2664.0625
3380.537109375
5965.919921875
8922.3310546875
10677.3271484375
10339.3203125
8106.6181640625
5143.7080078125
2994.5927734375
2821.7373046875
4837.91796875
8201.7861328125
11424.1875
13088.369140625
12538.63671875
10207.974609375
7426.7021484375
5799.5732421875
6442.1669921875
9434.2060546875
13747.47265625
17686.9091796875
19647.5830078125
18845.9482421875
15696.013671875
11661.6669921875
8650.240234375
8212.8837890625
10895.8798828125
16012.779296875
21918.6923828125
26652.916015625
28669.671875
27358.8447265625
23168.3759765625
17320.533203125
11281.306640625
6224.3984375
2701.357421875
612.61328125
-567.4208984375
-1457.88671875
-2496.5927734375
-3827.296875
-5354.75390625
-6889.572265625
-8276.615234375
-9434.8251953125
-10306.4658203125
-10776.6884765625
-10643.759765625
-9686.4873046875
-7809.232421875
-5185.7509765625
-2306.9140625
123.2685546875
1421.9150390625
1195.73828125
-483.701171875
-3093.1796875
-5870.4130859375
-8140.3955078125
-9608.3017578125
-10478.3125
-11332.7666015625
-12816.671875
-15267.3818359375
-18462.5
-21612.958984375
-23621.7314453125
-23509.205078125
-20828.0751953125
-15889.642578125
-9700.6513671875
-3631.4375
1051.4453125
3600.484375
3988.4375
2826.568359375
1049.16015625
-493.802734375
-1364.6064453125
-1658.2314453125
-1880.19921875
-2648.4111328125
-4353.5927734375
-6922.2099609375
-9777.318359375
-12010.6240234375
-12698.015625
-11241.310546875
-7615.6044921875
-2440.0400390625
3148.6494140625
7779.00390625
10200.61328125
9614.486328125
5891.6923828125
-374.291015625
-7994.1103515625
-15457.3623046875
-21288.8701171875
-24397.630859375
-24328.490234375
-21349.2958984375
-16349.8759765625
-10583.1787109375
-5326.5986328125
-1565.787109375
206.4697265625
25.666015625
-1666.1328125
-4236.8701171875
-7086.85546875
-9797.9501953125
-12171.5810546875
-14169.8486328125
-15813.341796875
-17098.490234375
-17974.6142578125
-18380.236328125
-18302.58984375
-17812.9189453125
-17048.9189453125
-16153.0263671875
-15208.84375
-14226.0859375
-13199.1220703125
-12216.6484375
-11556.421875
-11686.8623046875
-13130.6796875
-16214.5419921875
-20801.91015625
-26144.2255859375
-30961.4541015625
-33777.1708984375
-33417.9111328125
-29493.1845703125
-22649.4453125
-14459.146484375
-6945.0595703125
-1895.2099609375
-226.8076171875
-1657.8310546875
-4833.9052734375
-7876.478515625
-9140.9580078125
-7877.74609375
-4520.5009765625
-476.0849609375
2501.0986328125
3089.548828125
1004.6533203125
-2834.890625
-6656.41796875
-8557.8876953125
-7306.306640625
-2874.9375
3507.2333984375
9815.7958984375
14010.0986328125
14809.625
12151.8359375
7153.9619140625
1610.7255859375
-2749.341796875
-4934.3974609375
-5014.7314453125
-3986.185546875
-3252.35546875
-3962.1015625
-6488.8662109375
-10266.0654296875
-14034.5087890625
-16383.6767578125
-16352.232421875
-13839.3701171875
-9667.2294921875
-5282.7099609375
-2230.3115234375
-1608.4755859375
-3713.0498046875
-7984.2744140625
-13250.1728515625
-18151.3896484375
-21580.2529296875
-22983.0576171875
-22443.4453125
-20552.4609375
-18141.6845703125
-15987.1796875
-14580.73046875
-14024.5947265625
-14057.9423828125
-14185.060546875
-13855.9267578125
-12647.296875
-10400.5068359375
-7284.6630859375
-3768.5625
-502.9130859375
1863.3056640625
2885.421875
2482.2802734375
992.0458984375
-909.982421875
-2421.185546875
-2888.75
-2059.1201171875
-202.810546875
1945.6435546875
3427.587890625
3405.06640625
1489.1875
-2071.50390625
-6420.3671875
-10339.359375
-12632.1123046875
-12510.5556640625
-9849.765625
-5223.5078125
287.6396484375
5443.251953125
9221.419921875
11100.2666015625
11155.705078125
9957.7734375
8318.0419921875
6986.5224609375
6404.33984375
6589.3037109375
7179.478515625
7605.1416015625
7320.57421875
6014.53125
3732.484375
877.0048828125
-1907.4033203125
-3924.3330078125
-4629.8076171875
-3789.1298828125
-1540.8681640625
1648.384765625
5121.5849609375
8216.10546875
10436.6669921875
11561.9306640625
11653.65625
10972.1337890625
9835.58203125
8481.6787109375
6987.2099609375
5276.9658203125
3214.46484375
730.75390625
-2070.6416015625
-4885.7314453125
-7278.8310546875
-8824.1484375
-9261.4892578125
-8598.06640625
-7110.0732421875
-5241.4599609375
-3443.8349609375
-2028.6748046875
-1097.5087890625
-578.763671875
-348.048828125
-366.408203125
-759.556640625
-1787.666015625
-3708.9775390625
-6596.7060546875
-10199.8544921875
-13927.5703125
-16985.73828125
-18625.1826171875
-18404.7451171875
-16357.2607421875
-12981.6640625
-9056.9697265625
-5352.1533203125
-2354.1923828125
-131.306640625
1610.12109375
3303.490234375
5239.6650390625
7359.548828125
9225.0498046875
10191.029296875
9706.095703125
7605.04296875
4251.4453125
449.994140625
-2850.7568359375
-4947.798828125
-5699.265625
-5623.564453125
-5726.359375
-7114.0166015625
-10544.1044921875
-16093.0595703125
-23074.79296875
-30241.7060546875
-36185.4375
-39777.6171875
-40482.947265625
-38439.07421875
-34300.2822265625
-28938.4453125
-23142.8017578125
-17441.5625
-12095.712890625
-7226.1005859375
-2972.548828125
422.4267578125
2661.78515625
3549.8857421875
3164.0166015625
1930.1435546875
533.0322265625
-325.4462890625
-221.5361328125
781.556640625
2124.94140625
2972.927734375
2578.7880859375
638.0068359375
-2538.40234375
-6125.96484375
-9136.01953125
-10864.0732421875
-11230.1611328125
-10838.9658203125
-10706.55859375
-11754.62890625
-14292.5576171875
-17734.556640625
-20713.8466796875
-21588.919921875
-19158.02734375
-13286.7333984375
-5163.9228515625
2962.4384765625
8508.8818359375
9481.5078125
5245.4765625
-3173.2587890625
-13390.607421875
-22471.1484375
-27937.83984375
-28601.5908203125
-24900.0234375
-18631.3173828125
-12208.548828125
-7743.337890625
-6320.9345703125
-7733.646484375
-10740.0
-13700.2978515625
-15296.3994140625
-15031.21875
-13320.11328125
-11175.005859375
-9657.451171875
-9363.2265625
-10165.970703125
-11313.5029296875
-11803.953125
-10846.8046875
-8189.8935546875
-4172.8203125
492.4560546875
5081.443359375
9164.7451171875
12708.69140625
15928.53125
18986.443359375
21711.052734375
23508.822265625
23542.55078125
21114.142578125
16075.5087890625
9060.0390625
1396.5283203125
-5291.6884765625
-9651.5703125
-11092.9482421875
-9992.1845703125
-7509.2353515625
-5087.2705078125
-3844.0615234375
-4113.97265625
-5335.375
-6328.3369140625
-5838.1474609375
-3106.708984375
1774.154296875
7873.7001953125
13782.2431640625
18154.21484375
20195.0888671875
19887.4697265625
17875.2607421875
15079.7802734375
12237.521484375
9575.5107421875
6768.099609375
3184.3896484375
-1698.8271484375
-7917.30859375
-14853.15625
-21363.78515625
-26155.2109375
-28242.8291015625
-27308.734375
-23813.998046875
-18831.2841796875
-13677.9814453125
-9503.0439453125
-6984.03125
-6229.4033203125
-6887.791015625
-8384.2333984375
-10167.0947265625
-11868.1435546875
-13335.708984375
-14565.1279296875
-15591.0458984375
-16407.5625
-16950.5810546875
-17133.818359375
-16900.0576171875
-16247.0576171875
-15210.6904296875
-13820.2861328125
-12062.435546875
-9886.7880859375
-7262.1591796875
-4258.044921875
-1104.9384765625
1810.0751953125
4028.0126953125
5159.3408203125
5027.8193359375
3756.5107421875
1757.4033203125
-374.8681640625
-2027.013671875
-2731.501953125
-2280.5166015625
-764.0771484375
1463.216796875
3863.4765625
5819.8984375
6750.056640625
6224.2666015625
4083.6533203125
536.94140625
-3804.392578125
-7998.7587890625
-10979.080078125
-11863.9248046875
-10289.875
-6639.7890625
-2048.7685546875
1866.3193359375
3503.9970703125
1848.7548828125
-3093.7900390625
-10181.2734375
-17417.1533203125
-22560.5283203125
-23858.2451171875
-20634.4306640625
-13516.9580078125
-4215.6767578125
5060.134765625
12319.2021484375
16369.134765625
17055.7412109375
15104.5234375
11673.6689453125
7837.9833984375
4231.2783203125
981.24609375
-2077.7197265625
-5061.126953125
-7762.9375
-9612.029296875
-9889.0390625
-8097.0634765625
-4293.8232421875
797.0947265625
5976.1728515625
9993.7275390625
12027.521484375
11994.8486328125
10551.822265625
8774.607421875
7665.091796875
7706.7119140625
8674.6337890625
9786.9228515625
10124.08203125
9117.71484375
6874.7734375
4178.5244140625
2156.8916015625
1764.087890625
3310.65625
6259.0087890625
9384.6611328125
11241.15234375
10732.7470703125
7552.943359375
2307.37109375
-3722.7841796875
-9069.21875
-12610.3310546875
-13937.9599609375
-13428.0869140625
-12017.056640625
-10802.1064453125
-10639.7763671875
-11891.3271484375
-14381.3232421875
-17538.880859375
-20626.189453125
-22950.1748046875
-23994.044921875
-23465.4794921875
-21301.1796875
-17671.5791015625
-12998.0078125
-7952.7138671875
-3391.29296875
-185.87109375
1019.642578125
52.04296875
-2660.23828125
-6152.89453125
-9199.4287109375
-10711.2373046875
-10115.560546875
-7557.4453125
-3836.4677734375
-97.8837890625
2597.3486328125
3647.484375
3079.951171875
1459.544921875
-405.41015625
-1813.8095703125
-2419.5009765625
-2277.349609375
-1694.1845703125
-987.6162109375
-295.078125
460.9306640625
1437.8916015625
2654.662109375
3829.0888671875
4389.3349609375
3686.80078125
1326.0859375
-2549.271484375
-7174.693359375
-11360.1064453125
-13906.0751953125
-14069.44921875
-11868.765625
-8080.0029296875
-3909.1376953125
-477.6611328125
1650.328125
2682.091796875
3447.5361328125
4949.8896484375
7819.5126953125
11925.16796875
16330.93359375
19632.4853515625
20533.8916015625
18414.474609375
13636.341796875
7456.4296875
1580.3759765625
-2450.0908203125
-3778.8046875
-2458.7578125
689.3876953125
4488.5380859375
7881.224609375
10257.1865234375
11510.3349609375
11845.3212890625
11475.9384765625
10400.341796875
8383.267578125
5153.7294921875
701.7197265625
-4506.001953125
-9539.0966796875
-13280.9541015625
-14866.6884765625
-14083.556640625
-11534.228515625
-8460.4267578125
-6277.0830078125
-6004.48828125
-7842.39453125
-11076.912109375
-14369.9853515625
-16314.9453125
-16024.7861328125
-13504.7431640625
-9653.892578125
-5899.64453125
-3623.6064453125
-3620.197265625
-5807.30078125
-9294.6826171875
-12763.8818359375
-14989.4619140625
-15286.51953125
-13716.2626953125
-10993.046875
-8159.7587890625
-6181.2158203125
-5617.65625
-6486.4775390625
-8331.9580078125
-10441.9638671875
-12109.51953125
-12844.5947265625
-12483.142578125
-11189.5810546875
-9381.861328125
-7615.7705078125
-6454.453125
-6336.369140625
-7453.359375
-9661.4521484375
-12459.6357421875
-15069.7626953125
-16624.7138671875
-16427.16796875
-14197.69140625
-10213.5634765625
-5265.1376953125
-421.32421875
3324.4072265625
5397.2861328125
5835.8388671875
5252.51953125
4569.0048828125
4630.3623046875
5856.333984375
8074.3984375
10602.06640625
12538.396484375
13135.1123046875
12086.3115234375
9616.6025390625
6341.29296875
2975.26171875
31.84375
-2349.529296875
-4375.359375
-6396.5634765625
-8642.751953125
-11029.3623046875
-13135.9404296875
-14368.4853515625
-14228.8583984375
-12562.9091796875
-9669.8984375
-6222.2412109375
-3033.17578125
-777.7890625
211.8525390625
-0.9677734375
-1059.521484375
-2499.416015625
-3916.3408203125
-5036.6162109375
-5674.794921875
-5631.6640625
-4623.6591796875
-2319.544921875
1501.146484375
6730.2490234375
12767.5927734375
18522.994140625
22632.8193359375
23845.6923828125
21446.986328125
15557.4130859375
7176.2578125
-2067.154296875
-10377.5537109375
-16312.2119140625
-19171.2470703125
-19127.6708984375
-17065.7197265625
-14204.6669921875
-11658.5126953125
-10092.9052734375
-9589.6875
-9741.5380859375
-9911.9130859375
-9542.318359375
-8386.15234375
-6590.7548828125
-4614.7744140625
-3029.2900390625
-2286.7841796875
-2543.78125
-3595.888671875
-4941.7890625
-5950.6962890625
-6077.578125
-5057.8466796875
-3019.3544921875
-472.0087890625
1830.1904296875
3120.62890625
2877.017578125
1019.0146484375
-2028.2431640625
-5440.41796875
-8246.93359375
-9649.0068359375
-9287.1796875
-7352.0771484375
-4486.880859375
-1512.587890625
915.46484375
2574.197265625
3740.9609375
5022.3505859375
7008.4677734375
9902.4736328125
13298.7958984375
16229.53515625
17485.93359375
16097.2802734375
11769.2314453125
5086.736328125
-2622.6650390625
-9727.29296875
-14861.1630859375
-17391.845703125
-17590.2138671875
-16430.4775390625
-15107.6669921875
-14483.0302734375
-14700.1171875
-15139.8505859375
-14733.5263671875
-12494.34765625
-8031.02734375
-1814.529296875
4922.486328125
10613.2177734375
13929.65625
14259.6279296875
11893.3701171875
7854.970703125
3467.2060546875
-153.59375
-2459.03515625
-3550.2880859375
-3976.0712890625
-4368.1806640625
-5097.2021484375
-6105.0888671875
-6975.279296875
-7184.1630859375
-6395.9677734375
-4652.802734375
-2373.0185546875
-170.2744140625
1407.6259765625
2088.48046875
1936.8134765625
1250.0361328125
357.7158203125
-562.6201171875
-1554.982421875
-2807.4052734375
-4476.27734375
-6515.3779296875
-8611.5439453125
-10273.7353515625
-11041.271484375
-10711.7236328125
-9472.97265625
-7866.0771484375
-6585.4521484375
-6201.1572265625
-6926.623046875
-8534.931640625
-10458.2646484375
-12021.705078125
-12704.443359375
-12315.458984375
-11017.5947265625
-9208.5439453125
-7331.9599609375
-5715.4521484375
-4505.630859375
-3710.3154296875
-3297.904296875
-3276.1630859375
-3691.41015625
-4543.3984375
-5670.2275390625
-6687.5888671875
-7048.1806640625
-6226.8564453125
-3964.4990234375
-457.2939453125
3614.7001953125
7263.1494140625
9523.037109375
9814.0302734375
8179.6220703125
5294.228515625
2222.650390625
21.8330078125
-655.736328125
204.0888671875
1999.5068359375
3777.888671875
4630.5947265625
4055.0830078125
2142.486328125
-472.84375
-2865.73828125
-4161.470703125
-3829.103515625
-1824.8056640625
1445.19140625
5298.587890625
9000.8291015625
11952.1533203125
13787.71875
14389.3193359375
13842.294921875
12378.392578125
10327.71875
8077.1865234375
6018.228515625
4473.16015625
3612.5185546875
3398.267578125
3591.8798828125
3844.0810546875
3842.7001953125
3457.974609375
2813.625
2238.38671875
2107.96484375
2645.7041015625
3780.6748046875
5144.3447265625
6224.8818359375
6618.5517578125
6259.890625
5508.7041015625
5030.1630859375
5501.46484375
7269.810546875
10125.5205078125
13316.4609375
15826.5634765625
16816.3681640625
16035.4306640625
14010.4814453125
11898.9697265625
11041.7861328125
12388.810546875
16041.4462890625
21120.966796875
26040.4404296875
29085.4833984375
29070.8076171875
25798.4951171875
20121.7041015625
13583.015625
7778.9013671875
3720.8056640625
1465.8740234375
173.955078125
-1437.763671875
-4444.4794921875
-9155.419921875
-14895.408203125
-20226.9765625
-23522.9091796875
-23647.859375
-20460.6435546875
-14925.0498046875
-8782.0078125
-3918.0009765625
-1686.3037109375
-2449.734375
-5514.6650390625
-9461.806640625
-12720.9208984375
-14149.416015625
-13390.681640625
-10894.03125
-7624.0361328125
-4609.611328125
-2533.2060546875
-1523.0458984375
-1209.5771484375
-989.5517578125
-358.6796875
841.5859375
2365.2265625
3701.1376953125
4332.837890625
3993.0205078125
2798.2734375
1208.9208984375
-161.693359375
-800.345703125
-498.833984375
574.453125
1961.8486328125
3121.1083984375
3659.5419921875
3500.921875
2919.0244140625
2426.9052734375
2568.1708984375
3693.4443359375
5808.8427734375
8553.7265625
11314.6435546875
13430.8779296875
14413.419921875
14095.75390625
12662.279296875
10547.8837890625
8251.990234375
6143.0810546875
4332.353515625
2666.1689453125
837.2861328125
-1435.65625
-4241.2080078125
-7397.732421875
-10504.771484375
-13105.12890625
-14887.48828125
-15835.9296875
-16250.7421875
-16619.2705078125
-17384.1201171875
-18708.322265625
-20347.72265625
-21701.2421875
-22034.05859375
-20788.7998046875
-17852.1611328125
-13653.2890625
-9036.326171875
-4946.751953125
-2057.640625
-497.4287109375
194.20703125
850.1806640625
2282.15234375
4876.294921875
8360.5146484375
11858.8623046875
14227.2763671875
14539.1044921875
12514.8017578125
8703.240234375
4320.380859375
795.1787109375
-798.673828125
-189.8837890625
1957.509765625
4292.4619140625
5315.7666015625
3995.4033203125
208.572265625
-5171.833984375
-10585.0537109375
-14363.7822265625
-15358.716796875
-13361.2998046875
-9164.181640625
-4245.919921875
-214.234375
1769.3515625
1364.80859375
-899.2646484375
-3898.912109375
-6377.4931640625
-7404.8125
-6659.6982421875
-4450.0810546875
-1497.552734375
1396.52734375
3653.841796875
5074.205078125
5803.990234375
6163.697265625
6435.4150390625
6715.189453125
6892.2890625
6750.4912109375
6127.8486328125
5046.7109375
3743.75390625
2580.0107421875
1869.103515625
1702.12890625
1852.712890625
1814.3759765625
968.384765625
-1173.935546875
-4743.126953125
-9385.4794921875
-14292.87890625
-18389.08203125
-20619.1796875
-20253.58203125
-17112.205078125
-11639.6005859375
-4808.3037109375
2119.8984375
7903.5361328125
11612.5693359375
12821.708984375
11660.0849609375
8716.517578125
4841.3056640625
910.5615234375
-2379.015625
-4636.5673828125
-5807.7451171875
-6123.2841796875
-5997.751953125
-5913.001953125
-6310.0654296875
-7498.5517578125
-9584.015625
-12416.2080078125
-15571.873046875
-18395.09375
-20115.0439453125
-20039.4912109375
-17787.056640625
-13486.951171875
-7860.9765625
-2123.34765625
2310.1728515625
4238.115234375
3085.16015625
-840.875
-6361.650390625
-11737.1298828125
-15187.2392578125
-15454.3271484375
-12206.0458984375
-6127.2236328125
1338.787109375
8505.9677734375
14024.927734375
17306.447265625
18632.32421875
18922.7666015625
19268.3603515625
20428.189453125
22504.6962890625
24926.591796875
26737.4990234375
27057.396484375
25512.0302734375
22442.6328125
18805.75
15807.599609375
14430.298828125
15050.2958984375
17305.3310546875
20256.81640625
22768.724609375
23937.119140625
23392.2705078125
21360.138671875
18479.8974609375
15478.833984375
12859.69921875
10737.3369140625
8883.4521484375
6938.8583984375
4677.568359375
2189.2490234375
-108.970703125
-1636.8623046875
-1914.408203125
-802.4111328125
1389.3701171875
3975.828125
6121.5771484375
7124.4638671875
6644.7685546875
4796.109375
2075.154296875
-828.1416015625
-3257.296875
-4767.8876953125
-5204.189453125
-4667.5810546875
-3411.662109375
-1718.2119140625
198.13671875
2231.873046875
4376.4951171875
6680.4775390625
9191.1376953125
11902.6591796875
14717.3740234375
17426.6025390625
19718.8330078125
21223.7802734375
21594.7197265625
20616.60546875
18309.0107421875
14981.41015625
11203.876953125
7682.0849609375
5064.0771484375
3741.416015625
3721.0517578125
4626.248046875
5838.5595703125
6735.75
6937.26171875
6459.8564453125
5717.8427734375
5363.2548828125
6026.0830078125
8055.5107421875
11362.1787109375
15419.4375
19417.142578125
22502.904296875
24017.767578125
23645.89453125
21442.24609375
17755.7109375
13102.51171875
8050.4091796875
3149.65234375
-1091.8310546875
-4221.291015625
-5878.818359375
-5873.9052734375
-4278.642578125
-1487.3232421875
1809.2734375
4756.9365234375
6551.994140625
6666.28515625
4997.787109375
1884.8525390625
-2024.166015625
-5993.5546875
-9423.83984375
-11986.76953125
-13624.59375
-14430.42578125
-14481.6865234375
-13718.8388671875
-11937.0556640625
-8900.755859375
-4527.619140625
949.6630859375
6930.5166015625
12542.4765625
16859.83984375
19163.7197265625
19143.7333984375
16967.1474609375
13197.7421875
8607.09375
3957.7138671875
-163.978515625
-3422.0107421875
-5717.783203125
-7130.6337890625
-7859.61328125
-8191.6611328125
-8486.3251953125
-9142.8603515625
-10518.89453125
-12801.3095703125
-15872.8291015625
-19245.73828125
-22126.3876953125
-23626.814453125
-23071.021484375
-20285.4384765625
-15747.462890625
-10507.2158203125
-5883.8203125
-3033.9736328125
-2553.8896484375
-4274.423828125
-7338.734375
-10539.00390625
-12780.689453125
-13486.90625
-12777.98046875
-11354.29296875
-10135.517578125
-9812.71484375
-10506.828125
-11681.6982421875
-12351.2392578125
-11495.6328125
-8513.3759765625
-3521.6767578125
2618.4921875
8563.0205078125
12927.123046875
14738.0693359375
13730.7412109375
10388.9111328125
5738.439453125
990.5439453125
-2822.4619140625
-5093.04296875
-5703.6513671875
-4927.8564453125
-3243.0302734375
-1147.552734375
950.08203125
2753.0419921875
4039.330078125
4619.8427734375
4335.060546875
3100.9013671875
977.341796875
-1786.8857421875
-4773.5908203125
-7488.517578125
-9501.294921875
-10577.88671875
-10749.5751953125
-10286.634765625
-9584.1484375
-9004.4345703125
-8738.982421875
-8744.7666015625
-8779.1953125
-8517.650390625
-7704.3505859375
-6274.1103515625
-4394.30859375
-2407.865234375
-697.1650390625
479.1376953125
1111.1787109375
1470.1103515625
2024.072265625
3256.50390625
5444.3291015625
8475.5869140625
11782.2177734375
14432.203125
15374.021484375
13770.7431640625
9320.3525390625
2449.626953125
-5701.3779296875
-13524.294921875
-19359.908203125
-21966.5751953125
-20890.9013671875
-16615.451171875
-10427.5107421875
-4045.2724609375
879.767578125
3223.58203125
2667.9443359375
-282.7724609375
-4532.814453125
-8777.271484375
-11895.1240234375
-13224.0751953125
-12645.7548828125
-10487.578125
-7312.7998046875
-3698.318359375
-83.5751953125
3273.6630859375
6252.7392578125
8789.7294921875
10816.9189453125
12251.7578125
13027.9033203125
13134.34375
12626.5263671875
11595.31640625
10111.3115234375
8183.6787109375
5770.015625
2846.2314453125
-492.689453125
-3957.4169921875
-7069.5712890625
-9269.705078125
-10099.15234375
-9383.2451171875
-7330.712890625
-4492.591796875
-1583.4033203125
768.798828125
2239.6962890625
2898.79296875
3132.08203125
3432.494140625
4154.8369140625
5349.4033203125
6752.03515625
7933.9658203125
8537.259765625
8478.501953125
8016.6337890625
7645.462890625
7857.326171875
8890.078125
10582.2724609375
12413.185546875
13716.9736328125
13975.1640625
13050.5390625
11249.572265625
9180.0673828125
7468.4619140625
6470.2001953125
6112.580078125
5947.888671875
5393.8193359375
4046.2080078125
1911.0234375
-561.796875
-2666.0341796875
-3763.767578125
-3592.431640625
-2403.474609375
-859.025390625
271.44921875
473.7470703125
-263.55859375
-1440.9736328125
-2291.529296875
-2166.1923828125
-878.41796875
1162.4638671875
3104.265625
4031.630859375
3400.986328125
1325.080078125
-1436.4287109375
-3791.2138671875
-4801.150390625
-4122.982421875
-2195.9931640625
-78.478515625
1007.4423828125
227.2705078125
-2464.7109375
-6261.84375
-9821.029296875
-11832.134765625
-11598.9033203125
-9378.0361328125
-6322.5078125
-4042.7763671875
-3962.51171875
-6733.2119140625
-11947.3466796875
-18264.3623046875
-23893.1630859375
-27231.9931640625
-27411.3076171875
-24537.0302734375
-19563.78515625
-13880.3056640625
-8796.6708984375
-5142.9619140625
-3119.419921875
-2416.291015625
-2504.6552734375
-2938.71484375
-3527.4443359375
-4314.6669921875
-5408.7802734375
-6776.9755859375
-8130.779296875
-8977.3310546875
-8822.173828125
-7428.0859375
-4999.8203125
-2192.5732421875
80.7822265625
977.7470703125
60.2763671875
-2502.228515625
-5947.77734375
-9155.1162109375
-11011.19921875
-10779.1328125
-8337.068359375
-4210.8330078125
600.3994140625
4936.576171875
7820.4658203125
8728.271484375
7717.9892578125
5395.896484375
2745.876953125
873.6376953125
726.4658203125
2845.3623046875
7197.626953125
13127.8388671875
19451.248046875
24690.708984375
27424.2060546875
26670.5966796875
22210.390625
14733.556640625
5739.2373046875
-2819.0703125
-9063.49609375
-11744.984375
-10639.67578125
-6642.6494140625
-1505.19140625
2717.357421875
4333.458984375
2574.6787109375
-2149.1513671875
-8392.87109375
-14171.1962890625
-17633.7724609375
-17682.2236328125
-14312.88671875
-8570.349609375
-2140.2353515625
3259.443359375
6459.970703125
7186.5048828125
6052.26171875
4225.5068359375
2915.275390625
2883.68359375
4172.0810546875
6136.123046875
7759.8310546875
8110.9853515625
6751.068359375
3938.8642578125
553.94921875
-2222.46484375
-3341.099609375
-2267.7578125
820.8505859375
5088.6572265625
9306.6708984375
12229.966796875
12954.078125
11142.3056640625
7072.2265625
1514.3330078125
-4496.3955078125
-9917.7763671875
-13919.802734375
-16027.1103515625
-16173.6884765625
-14677.02734375
-12145.46484375
-9333.984375
-6968.0751953125
-5565.796875
-5300.1884765625
-5947.423828125
-6951.3134765625
-7600.6533203125
-7272.4765625
-5660.0927734375
-2898.4619140625
470.3583984375
3689.7763671875
6071.8837890625
7261.0654296875
7369.0107421875
6921.087890625
6632.275390625
7105.0673828125
8578.2490234375
10835.69140625
13314.931640625
15366.09765625
16543.0859375
16793.1552734375
16457.1875
16080.841796875
16126.5244140625
16725.130859375
17590.4384765625
18143.59765625
17794.59765625
16249.150390625
13691.498046875
10746.8720703125
8228.88671875
6780.330078125
6571.6083984375
7201.4375
7855.98828125
7664.8623046875
6099.3837890625
3234.466796875
-247.2958984375
-3316.8056640625
-5013.552734375
-4833.9921875
-2924.63671875
0.80859375
2977.798828125
5196.5322265625
6317.94921875
6568.3115234375
6584.9697265625
7097.908203125
8599.03125
11144.685546875
14363.3974609375
17639.041015625
20360.3779296875
22108.9716796875
22704.9423828125
22116.2900390625
20315.4306640625
17194.43359375
12612.865234375
6569.154296875
-597.3701171875
-8104.076171875
-14819.478515625
-19559.9794921875
-21487.625
-20440.3955078125
-17036.8759765625
-12485.91796875
-8161.1875
-5109.99609375
-3701.953125
-3565.4892578125
-3833.25390625
-3578.9462890625
-2243.3828125
142.86328125
3033.0849609375
5684.296875
7556.013671875
8585.4140625
9200.4892578125
10065.111328125
11685.712890625
14081.544921875
16692.794921875
18585.482421875
18864.93359375
17102.80078125
13569.689453125
9154.3935546875
4999.75390625
2022.0224609375
538.4814453125
177.466796875
109.7490234375
-514.44140625
-2136.857421875
-4578.9580078125
-7145.3564453125
-8984.990234375
-9523.4619140625
-8744.744140625
-7176.9697265625
-5588.5869140625
-4552.1767578125
-4107.390625
-3711.74609375
-2526.3544921875
88.900390625
4113.931640625
8685.35546875
12315.5126953125
13448.4912109375
11120.619140625
5428.9765625
-2414.4365234375
-10484.212890625
-16835.115234375
-20191.4267578125
-20338.5791015625
-18061.5009765625
-14682.5546875
-11432.3134765625
-8953.646484375
-7162.380859375
-5504.857421875
-3453.458984375
-963.4296875
1363.962890625
2515.369140625
1592.744140625
-1629.88671875
-6416.662109375
-11227.6435546875
-14292.7978515625
-14363.5126953125
-11301.0205078125
-6217.4892578125
-1078.654296875
2080.4697265625
1995.30078125
-1297.228515625
-6468.3876953125
-11443.3134765625
-14243.5078125
-13761.75390625
-10144.26171875
-4637.4990234375
1002.982421875
5258.11328125
7411.654296875
7707.4453125
7070.0068359375
6563.2099609375
6868.6806640625
8031.5009765625
9569.0400390625
10849.1494140625
11511.7939453125
11697.626953125
11959.830078125
12911.4794921875
14808.263671875
17308.6416015625
19567.0546875
20642.4462890625
20031.103515625
18049.041015625
15841.70703125
14968.1904296875
16715.09765625
21441.6826171875
28268.525390625
35285.3994140625
40227.82421875
41357.8115234375
38181.1982421875
31691.4775390625
24025.6103515625
17665.8623046875
14513.8701171875
15215.025390625
19001.4365234375
24100.2568359375
28518.7275390625
30869.1962890625
30896.603515625
29511.5234375
28347.2001953125
29053.6455078125
32634.78515625
39093.35546875
47500.1162109375
56419.9560546875
64488.220703125
70890.8447265625
75568.599609375
79099.91796875
82354.361328125
86091.3310546875
90677.8056640625
96025.443359375
101741.712890625
107400.5712890625
112800.6650390625
118101.1328125
123788.9560546875
130504.9345703125
138807.5205078125
148968.5205078125
160873.4765625
174056.634765625
187853.736328125
201619.6884765625
214939.388671875
227760.2109375
240392.8916015625
253361.7763671875
267131.455078125
281785.04296875
296764.2109375
310784.7294921875
322001.8984375
328421.3564453125
328454.9833984375
321445.806640625
307967.0498046875
289757.869140625
269280.4501953125
249027.552734375
230817.3515625
215333.4228515625
202084.296875
189796.24609375
177078.505859375
163086.513671875
147908.388671875
132517.6298828125
118323.109375
106524.4443359375
97567.2099609375
90947.1650390625
85453.6123046875
79739.4814453125
72952.4091796875
65128.775390625
57159.2353515625
50333.234375
45670.451171875
43355.2626953125
42552.8203125
41715.376953125
39260.6201171875
34323.8212890625
27237.5791015625
19502.9423828125
13237.5556640625
10321.7119140625
11605.0693359375
16519.296875
23270.337890625
29533.2431640625
33354.060546875
33874.3486328125
31574.1572265625
27942.576171875
24735.80859375
23159.7294921875
23339.6484375
24305.20703125
24485.494140625
22483.15234375
17776.5380859375
11036.2998046875
3917.119140625
-1583.234375
-3919.625
-2611.6962890625
1579.087890625
6968.013671875
11612.9892578125
14043.1865234375
13756.4736328125
11305.6240234375
7974.3076171875
5210.314453125
4065.994140625
4866.326171875
7206.2490234375
10230.18359375
13035.232421875
15009.8603515625
15976.0107421875
16110.21875
15724.0712890625
15038.947265625
14074.2275390625
12696.4189453125
10787.955078125
8432.544921875
6006.7744140625
4115.62890625
3387.37109375
4213.07421875
6546.072265625
9854.212890625
13254.5703125
15784.8857421875
16710.8837890625
15755.625
13169.515625
9622.111328125
5963.4072265625
2947.1572265625
1016.6474609375
223.85546875
299.3984375
833.916015625
1492.0419921875
2171.0703125
3039.986328125
4441.880859375
6697.001953125
9885.5615234375
13703.1240234375
17460.26953125
20247.39453125
21221.67578125
19919.4697265625
16475.841796875
11655.3134765625
6660.4111328125
2766.5966796875
903.0869140625
1329.6396484375
3533.896484375
6398.1748046875
8585.5068359375
9010.3720703125
7224.2744140625
3575.802734375
-911.181640625
-4891.9296875
-7153.2861328125
-6998.7841796875
-4434.9755859375
-110.4833984375
4945.0205078125
9666.005859375
13248.56640625
15306.7890625
15865.1142578125
15232.06640625
13836.888671875
12102.8857421875
10390.3291015625
8993.5283203125
8148.234375
8010.791015625
8603.41796875
9758.638671875
11114.681640625
12198.298828125
12587.0380859375
12092.6611328125
10880.1005859375
9451.3134765625
8478.55859375
8543.1416015625
9888.2861328125
12299.8623046875
15179.05859375
17786.5078125
19556.4033203125
20341.0224609375
20471.42578125
20599.9814453125
21389.310546875
23184.4365234375
25815.94140625
28625.564453125
30707.14453125
31260.4521484375
29907.0478515625
26837.2978515625
22735.380859375
18527.005859375
15066.837890625
12897.3564453125
12164.8701171875
12697.8056640625
14178.6708984375
16309.5986328125
18894.10546875
21817.8095703125
24972.6904296875
28198.3349609375
31294.3046875
34103.05078125
36606.35546875
38955.826171875
41386.982421875
44034.91015625
46740.41796875
48966.443359375
49910.134765625
48805.302734375
45304.14453125
39761.3466796875
33259.05859375
27311.3349609375
23332.1796875
22075.130859375
23291.1962890625
25778.205078125
27832.90625
27936.6533203125
25389.599609375
20615.50390625
14993.3759765625
10277.892578125
7855.9443359375
8165.62109375
10536.357421875
13521.7568359375
15573.20703125
15745.3349609375
14107.8486328125
11672.486328125
9868.802734375
9814.70703125
11727.697265625
14761.8994140625
17360.244140625
17969.7587890625
15793.0869140625
11223.7099609375
5750.1767578125
1354.515625
-337.4619140625
1221.904296875
5232.587890625
9856.06640625
12973.9091796875
13068.7236328125
9849.23828125
4357.712890625
-1472.9619140625
-5607.685546875
-6698.484375
-4546.669921875
-68.923828125
5177.0537109375
9665.6611328125
12467.4326171875
13472.6943359375
13218.9912109375
12453.74609375
11675.185546875
10883.013671875
9648.7626953125
7448.84765625
4073.6064453125
-106.4599609375
-4159.71484375
-6897.5908203125
-7326.7890625
-5045.9853515625
-416.0830078125
5556.9873046875
11557.912109375
16360.240234375
19125.734375
19513.693359375
17612.9443359375
13789.9677734375
8564.0498046875
2570.8505859375
-3407.0908203125
-8429.0810546875
-11495.916015625
-11791.0986328125
-8998.0185546875
-3550.130859375
3338.6220703125
9942.1689453125
14538.6572265625
15998.001953125
14205.2255859375
10128.8125
5479.046875
2071.9794921875
1144.1640625
2891.5556640625
6417.126953125
10103.03515625
12248.1025390625
11706.638671875
8274.759765625
2687.8515625
-3737.3720703125
-9637.5673828125
-14077.365234375
-16776.5615234375
-18030.1298828125
-18403.8193359375
-18379.1142578125
-18122.8310546875
-17475.265625
-16132.07421875
-13899.6533203125
-10877.0166015625
-7467.7939453125
-4223.412109375
-1610.1572265625
169.140625
1201.8173828125
1729.787109375
1933.0947265625
1762.4345703125
928.41796875
-927.509765625
-3957.4169921875
-7871.31640625
-11883.130859375
-14902.2919921875
-15918.212890625
-14423.9404296875
-10690.146484375
-5751.6318359375
-1085.822265625
1904.7783203125
2405.7431640625
494.6494140625
-2886.66796875
-6280.365234375
-8242.7080078125
-7849.658203125
-4989.578125
-347.2802734375
4891.291015625
9480.2490234375
12524.3740234375
13713.0166015625
13315.193359375
11971.85546875
10392.62109375
9084.001953125
8204.0126953125
7575.083984375
6823.310546875
5572.4833984375
3616.177734375
1014.5126953125
-1901.98828125
-4607.6025390625
-6504.5361328125
-7060.228515625
-5930.8779296875
-3050.56640625
1329.2578125
6660.2822265625
12180.1796875
17047.373046875
20502.076171875
22016.7783203125
21398.6396484375
18818.3583984375
14761.427734375
9919.59375
5054.0126953125
862.388671875
-2127.4052734375
-3627.8095703125
-3625.1455078125
-2375.7421875
-360.0556640625
1810.4921875
3529.6962890625
4351.8896484375
4121.7509765625
3025.9287109375
1530.1162109375
205.833984375
-497.892578125
-445.7421875
122.201171875
705.3583984375
803.697265625
217.267578125
-761.53515625
-1381.751953125
-722.36328125
1855.6083984375
6280.9609375
11578.828125
16050.6552734375
17819.111328125
15564.3818359375
9167.9892578125
-19.4716796875
-9447.4990234375
-16128.486328125
-17645.98828125
-13041.3203125
-3234.193359375
9203.9013671875
20862.2470703125
28602.34375
30564.181640625
26703.705078125
18679.8408203125
9159.3017578125
824.0439453125
-4535.6806640625
-6515.09375
-6027.8994140625
-4757.083984375
-4381.1708984375
-5897.1513671875
-9292.46875
-13655.8642578125
-17634.5625
-20018.802734375
-20209.5322265625
-18400.2431640625
-15436.966796875
-12450.169921875
-10426.62109375
-9886.4423828125
-10764.1904296875
-12500.8779296875
-14278.13671875
-15292.9599609375
-14983.96484375
-13160.0673828125
-10024.55078125
-6113.4443359375
-2173.458984375
999.1982421875
2738.591796875
2678.125
866.4189453125
-2216.3759765625
-5770.3369140625
-8903.0146484375
-10909.4697265625
-11507.1357421875
-10929.5673828125
-9829.130859375
-9014.357421875
-9120.9052734375
-10351.1552734375
-12395.56640625
-14574.2998046875
-16141.1845703125
-16617.2041015625
-16003.2978515625
-14773.0458984375
-13643.904296875
-13227.3076171875
-13716.2802734375
-14756.1357421875
-15563.943359375
-15251.1630859375
-13211.5556640625
-9405.333984375
-4414.68359375
754.7646484375
5042.2158203125
7714.373046875
8605.2744140625
8122.1474609375
7028.47265625
6107.7451171875
5853.99609375
6312.6982421875
7122.7001953125
7721.923828125
7616.060546875
6594.9326171875
4816.2734375
2739.849609375
955.2001953125
-21.1298828125
93.4970703125
1271.146484375
3186.4453125
5299.2880859375
6978.966796875
7646.244140625
6915.1484375
4713.5966796875
1352.4130859375
-2493.189453125
-5914.05859375
-8000.115234375
-8119.939453125
-6153.0986328125
-2576.4853515625
1653.869140625
5407.794921875
7772.7021484375
8382.15234375
7542.6025390625
6094.6552734375
5055.767578125
5189.5166015625
6685.3876953125
9090.357421875
11524.2099609375
13082.173828125
13240.5751953125
12077.056640625
10201.7744140625
8432.623046875
7372.240234375
7096.5390625
7115.9501953125
6640.9287109375
5032.5146484375
2219.2509765625
-1135.4541015625
-3823.1748046875
-4578.4990234375
-2658.7646484375
1748.203125
7487.8349609375
12813.5234375
16027.5751953125
16120.107421875
13133.4140625
8098.3525390625
2578.3291015625
-1971.1865234375
-4743.2177734375
-5789.7939453125
-5831.078125
-5779.7431640625
-6225.8134765625
-7136.3623046875
-7911.3212890625
-7756.73828125
-6177.7607421875
-3332.64453125
-56.3271484375
2474.5498046875
3282.8994140625
2077.1796875
-562.716796875
-3407.3154296875
-5120.8056640625
-4881.017578125
-2785.5244140625
155.609375
2452.046875
2804.125
711.1845703125
-3261.3544921875
-7683.1181640625
-10843.3779296875
-11460.240234375
-9199.1123046875
-4772.6005859375
414.9775390625
4908.8037109375
7833.390625
9223.673828125
9911.1171875
11025.6787109375
13352.03515625
16845.84375
20542.9931640625
22916.1337890625
22529.73828125
18708.9521484375
11928.3349609375
3746.4091796875
-3694.2626953125
-8399.935546875
-9198.1865234375
-6091.09765625
-170.34765625
6843.013671875
13227.5166015625
17803.9638671875
20197.2939453125
20757.7158203125
20226.849609375
19328.3388671875
18469.3359375
17665.2119140625
16685.298828125
15316.6669921875
13598.826171875
11908.8154296875
10854.990234375
11029.466796875
12732.296875
15790.1357421875
19548.83203125
23045.771484375
25296.8681640625
25592.9072265625
23702.8896484375
19921.939453125
14959.01953125
9712.2392578125
5009.962890625
1397.8095703125
-970.802734375
-2319.01953125
-3121.7138671875
-3916.484375
-5110.0478515625
-6837.5380859375
-8914.806640625
-10895.2802734375
-12210.798828125
-12349.4287109375
-11011.572265625
-8194.029296875
-4178.2763671875
564.978515625
5512.11328125
10207.97265625
14327.8154296875
17666.046875
20074.41015625
21396.9990234375
21450.0224609375
20069.4716796875
17211.1923828125
13054.548828125
8050.1826171875
2871.646484375
-1727.884765625
-5108.076171875
-6911.2314453125
-7143.5625
-6138.107421875
-4419.1923828125
-2528.1513671875
-881.2724609375
291.0244140625
918.0986328125
1012.521484375
599.1025390625
-306.6748046875
-1663.328125
-3343.0908203125
-5098.607421875
-6596.4775390625
-7519.0849609375
-7691.974609375
-7169.8720703125
-6226.4541015625
-5238.4296875
-4511.5673828125
-4134.3837890625
-3941.08203125
-3616.2373046875
-2901.0263671875
-1800.5888671875
-677.73828125
-162.4296875
-892.5869140625
-3190.5361328125
-6825.6123046875
-10990.1201171875
-14527.958984375
-16340.1474609375
-15803.138671875
-13018.32421875
-8777.517578125
-4252.3642578125
-540.0615234375
1735.470703125
2592.2431640625
2560.7099609375
2328.53125
2339.4482421875
2548.2783203125
2457.9677734375
1425.0859375
-916.6943359375
-4332.4443359375
-7940.40625
-10496.05859375
-10897.73046875
-8691.4921875
-4340.47265625
877.9931640625
5318.3466796875
7570.708984375
6964.45703125
3758.7451171875
-1049.2548828125
-6193.4267578125
-10657.623046875
-14004.0400390625
-16372.7255859375
-18180.90625
-19700.9189453125
-20755.0087890625
-20704.02734375
-18754.4462890625
-14438.83203125
-8023.3935546875
-615.2919921875
6123.162109375
10558.6611328125
11723.33984375
9717.3583984375
5685.34375
1361.6826171875
-1625.75
-2392.990234375
-1103.57421875
1185.5283203125
3052.873046875
3367.2607421875
1770.033203125
-1223.9404296875
-4531.5849609375
-7047.8662109375
-8160.7880859375
-7988.5859375
-7235.8857421875
-6755.49609375
-7046.3330078125
-7946.53515625
-8681.1650390625
-8245.7626953125
-5937.8486328125
-1771.3896484375
3437.8310546875
8370.1494140625
11751.1708984375
12895.685546875
11988.2724609375
9965.345703125
8052.3369140625
7174.3447265625
7519.962890625
8466.2939453125
8902.29296875
7798.4560546875
4753.375
257.1611328125
-4456.5263671875
-7906.60546875
-8984.6025390625
-7418.7646484375
-3876.8828125
329.755859375
3797.59375
5583.310546875
5514.0546875
4134.345703125
2342.53515625
911.50390625
132.0908203125
-254.30859375
-817.359375
-2030.5595703125
-3914.982421875
-5927.07421875
-7161.4150390625
-6781.6708984375
-4475.7412109375
-710.677734375
3350.8271484375
6257.7705078125
6838.705078125
4690.3408203125
376.6474609375
-4750.4208984375
-9039.4287109375
-11142.412109375
-10496.732421875
-7507.1953125
-3375.044921875
342.2353515625
2263.5302734375
1616.431640625
-1565.07421875
-6512.4990234375
-12003.3486328125
-16732.892578125
-19655.919921875
-20214.466796875
-18420.4140625
-14805.8037109375
-10276.103515625
-5905.185546875
-2707.0400390625
-1418.900390625
-2335.2392578125
-5234.3115234375
-9427.6083984375
-13932.697265625
-17728.5556640625
-20017.0078125
-20403.978515625
-18939.8359375
-16012.5419921875
-12147.78515625
-7808.5546875
-3282.6396484375
1299.6318359375
5842.52734375
10137.4970703125
13786.609375
16256.9765625
17057.0078125
15956.3154296875
13138.4921875
9199.0712890625
4971.3779296875
1247.421875
-1482.82421875
-3152.9345703125
-4044.7236328125
-4554.080078125
-4917.0732421875
-5040.724609375
-4536.0263671875
-2951.6171875
-101.4267578125
3679.0185546875
7493.2060546875
10113.51953125
10407.1455078125
7785.62109375
2481.736328125
-4476.3427734375
-11595.2734375
-17419.3916015625
-20998.49609375
-22129.83203125
-21286.8076171875
-19288.8369140625
-16881.2705078125
-14428.1162109375
-11857.6513671875
-8872.3095703125
-5300.9892578125
-1398.484375
2080.9794921875
4100.5107421875
3768.029296875
783.9755859375
-4305.1875
-10185.5302734375
-15180.2421875
-17828.2568359375
-17403.3427734375
-14160.5888671875
-9210.884765625
-4080.0498046875
-138.6123046875
1865.294921875
1991.5576171875
961.2705078125
-231.4892578125
-764.4267578125
-295.9267578125
977.7666015625
2511.77734375
3734.2412109375
4337.8037109375
4407.1884765625
4336.2412109375
4589.3193359375
5430.3662109375
6749.9375
8067.669921875
8704.216796875
8042.7685546875
5768.2666015625
1991.9208984375
-2774.9990234375
-7770.7939453125
-12187.701171875
-15357.3173828125
-16869.6201171875
-16616.166015625
-14776.2744140625
-11771.435546875
-8200.841796875
-4754.3046875
-2093.90625
-709.689453125
-780.609375
-2092.845703125
-4065.6845703125
-5903.853515625
-6843.89453125
-6413.9296875
-4606.4462890625
-1886.97265625
977.3466796875
3210.60546875
4328.5927734375
4324.0078125
3657.3193359375
3053.830078125
3189.06640625
4392.353515625
6491.2958984375
8860.8095703125
10655.228515625
11127.6875
9908.6142578125
7136.7587890625
3399.8515625
-481.314453125
-3734.583984375
-5877.2353515625
-6836.572265625
-6924.9716796875
-6699.17578125
-6767.529296875
-7612.22265625
-9472.29296875
-12302.3291015625
-15797.5869140625
-19466.2763671875
-22731.8056640625
-25052.5390625
-26045.38671875
-25590.74609375
-23886.775390625
-21421.7578125
-18852.0634765625
-16807.5087890625
-15682.3056640625
-15489.384765625
-15844.2177734375
-16100.166015625
-15596.1630859375
-13925.3583984375
-11115.7255859375
-7642.4580078125
-4258.544921875
-1707.095703125
-432.640625
-413.4912109375
-1188.755859375
-2071.365234375
-2458.01171875
-2103.7255859375
-1242.4375
-499.787109375
-632.248046875
-2199.287109375
-5301.9169921875
-9491.6044921875
-13882.8154296875
-17422.162109375
-19211.0576171875
-18767.869140625
-16149.4013671875
-11910.7197265625
-6939.0712890625
-2229.51953125
1330.5166015625
3124.3173828125
2902.04296875
813.6181640625
-2616.3662109375
-6573.7861328125
-10104.732421875
-12321.6123046875
-12629.9287109375
-10911.9462890625
-7594.287109375
-3550.33984375
156.4677734375
2615.7646484375
3379.2470703125
2613.0322265625
1022.5966796875
-431.5341796875
-919.8798828125
-75.4580078125
1868.794921875
4196.47265625
6028.28515625
6706.1796875
6070.4091796875
4505.9228515625
2738.9619140625
1479.990234375
1081.671875
1375.498046875
1768.42578125
1558.2197265625
320.0
-1822.765625
-4181.626953125
-5764.5849609375
-5709.4814453125
-3698.591796875
-164.80078125
3812.298828125
6886.2724609375
7943.419921875
6513.02734375
2919.654296875
-1876.435546875
-6668.515625
-10444.8115234375
-12692.55078125
-13449.4765625
-13111.1923828125
-12116.0703125
-10679.1552734375
-8710.6328125
-5952.5234375
-2250.5400390625
2195.314453125
6751.3115234375
10507.5263671875
12617.447265625
12666.580078125
10890.8564453125
8126.7294921875
5496.4052734375
3956.9609375
3911.3359375
5057.63671875
6548.7099609375
7393.361328125
6918.7529296875
5082.9912109375
2492.98046875
116.3408203125
-1183.3759765625
-1075.892578125
41.3896484375
1179.2666015625
1170.537109375
-815.947265625
-4885.033203125
-10319.798828125
-15823.7001953125
-19997.5068359375
-21849.78125
-21130.794921875
-18362.06640625
-14568.2099609375
-10843.412109375
-7946.6337890625
-6092.9658203125
-5009.5751953125
-4201.181640625
-3279.1044921875
-2189.3134765625
-1233.8212890625
-885.4853515625
-1497.66796875
-3059.9443359375
-5127.1025390625
-6964.16015625
-7845.7509765625
-7373.3955078125
-5663.359375
-3315.5537109375
-1173.0087890625
23.96484375
-62.3310546875
-1243.2265625
-2907.1494140625
-4300.947265625
-4862.6171875
-4459.458984375
-3430.751953125
-2422.3935546875
-2092.3955078125
-2820.2626953125
-4547.333984375
-6813.5478515625
-8967.4619140625
-10450.6513671875
-11027.65625
-10860.4482421875
-10398.2119140625
-10136.431640625
-10357.205078125
-10970.4189453125
-11530.525390625
-11426.2666015625
-10164.6748046875
-7628.40234375
-4194.4677734375
-658.4736328125
2012.720703125
3007.7060546875
1953.029296875
-953.8759765625
-5007.6875
-9225.22265625
-12652.6357421875
-14636.4599609375
-14966.630859375
-13855.109375
-11779.154296875
-9267.166015625
-6718.5908203125
-4324.6201171875
-2105.888671875
-29.9951171875
1861.72265625
3388.525390625
4263.44140625
4213.38671875
3129.966796875
1175.9189453125
-1212.2392578125
-3440.779296875
-4956.224609375
-5445.5556640625
-4953.314453125
-3859.3603515625
-2717.09375
-2011.736328125
-1936.3759765625
-2282.6025390625
-2500.7861328125
-1917.8173828125
-33.927734375
3217.521484375
7356.0224609375
11442.83984375
14353.4560546875
15142.1572265625
13368.59765625
9266.673828125
3692.2578125
-2133.005859375
-6990.82421875
-10018.455078125
-10924.740234375
-10005.3251953125
-7968.6318359375
-5651.7607421875
-3738.740234375
-2581.2880859375
-2172.2421875
-2256.35546875
-2509.912109375
-2700.7724609375
-2760.0478515625
-2744.9931640625
-2727.0576171875
-2675.001953125
-2404.6455078125
-1633.7978515625
-128.08984375
2125.36328125
4801.9560546875
7251.1416015625
8656.7666015625
8304.4951171875
5863.5771484375
1573.14453125
-3750.654296875
-8908.8486328125
-12662.9033203125
-14115.7431640625
-12999.17578125
-9764.4501953125
-5439.9482421875
-1302.3330078125
1525.787109375
2412.5810546875
1374.0458984375
-995.619140625
-3783.453125
-6101.34375
-7381.0205078125
-7512.5791015625
-6785.8154296875
-5675.9833984375
-4579.5283203125
-3624.119140625
-2642.0849609375
-1320.8515625
540.478515625
2795.8603515625
4867.6328125
5883.87890625
5012.421875
1869.6845703125
-3170.7001953125
-8927.095703125
-13685.9775390625
-15745.068359375
-14044.236328125
-8646.2890625
-861.86328125
7069.150390625
12663.34375
14022.8798828125
10512.978515625
3031.1455078125
-6249.1357421875
-14586.498046875
-19586.9677734375
-19998.6357421875
-16097.2998046875
-9524.7529296875
-2646.1748046875
2326.1611328125
4109.654296875
2738.328125
-574.650390625
-4026.5927734375
-6018.142578125
-5824.5341796875
-3874.791015625
-1530.9345703125
-464.103515625
-1889.0126953125
-5976.1435546875
-11689.2646484375
-17123.7509765625
-20218.19140625
-19559.8994140625
-14964.9755859375
-7601.130859375
399.0166015625
6687.232421875
9524.689453125
8370.1396484375
4015.24609375
-1770.033203125
-6930.2734375
-9879.421875
-10028.7333984375
-7899.3544921875
-4801.580078125
-2233.33984375
-1253.34765625
-2081.1611328125
-4072.2880859375
-6057.154296875
-6884.51171875
-5932.45703125
-3372.7705078125
-84.359375
2738.51171875
4110.4951171875
3686.8837890625
1919.927734375
-125.58984375
-1219.8642578125
-491.8232421875
2188.5107421875
6127.591796875
10060.6181640625
12636.3671875
12938.466796875
10833.7841796875
7010.5234375
2695.390625
-831.55078125
-2726.34765625
-2879.05078125
-1905.4501953125
-844.34765625
-691.2568359375
-1963.279296875
-4473.435546875
-7404.12109375
-9645.908203125
-10260.3349609375
-8877.041015625
-5864.8232421875
-2209.60546875
849.373046875
2278.798828125
1625.3828125
-837.1181640625
-4236.373046875
-7444.6220703125
-9495.01171875
-9908.4189453125
-8812.015625
-6819.150390625
-4735.2900390625
-3218.2978515625
-2529.916015625
-2468.962890625
-2497.802734375
-1996.08984375
-530.638671875
1966.7900390625
5176.2490234375
8516.85546875
11362.078125
13253.0556640625
14031.224609375
13852.783203125
13098.1875
12227.9462890625
11647.099609375
11623.9990234375
12275.625
13599.1005859375
15512.2451171875
17871.05859375
20454.1220703125
22930.3525390625
24843.498046875
25645.423828125
24791.04296875
21879.3046875
16799.86328125
9834.849609375
1674.1513671875
-6672.625
-14053.2197265625
-19398.0263671875
-21939.5400390625
-21374.2392578125
-17930.9697265625
-12332.4970703125
-5659.9619140625
851.6357421875
6047.1142578125
9069.6572265625
9522.2255859375
7538.787109375
3747.90234375
-867.83203125
-5189.7001953125
-8211.2802734375
-9259.9052734375
-8137.42578125
-5145.4697265625
-990.3203125
3405.109375
7130.0546875
9494.037109375
10162.2177734375
9189.6630859375
6956.7099609375
4034.4248046875
1024.533203125
-1581.234375
-3489.6796875
-4629.119140625
-5112.818359375
-5162.98046875
-5021.6640625
-4873.8408203125
-4801.1689453125
-4775.5537109375
-4691.1005859375
-4423.2265625
-3896.05859375
-3135.650390625
-2289.0419921875
-1598.41015625
-1334.1455078125
-1706.408203125
-2785.55859375
-4462.5712890625
-6468.7958984375
-8453.3349609375
-10093.2216796875
-11196.30859375
-11756.724609375
-11939.587890625
-11999.78515625
-12167.6259765625
-12549.724609375
-13088.736328125
-13601.0888671875
-13877.3681640625
-13800.3203125
-13424.4365234375
-12975.0927734375
-12759.6826171875
-13023.86328125
-13814.8115234375
-14916.3916015625
-15894.9013671875
-16248.2255859375
-15604.73046875
-13891.5
-11397.7509765625
-8697.79296875
-6454.2392578125
-5173.1484375
-5006.66796875
-5684.0341796875
-6603.2294921875
-7052.05859375
-6474.7646484375
-4680.6220703125
-1912.90234375
1248.033203125
4107.3505859375
6113.6162109375
7048.0419921875
7070.306640625
6605.966796875
6126.3076171875
5916.1416015625
5930.013671875
5800.208984375
4996.12890625
3070.3330078125
-111.6220703125
-4256.208984375
-8695.3515625
-12593.703125
-15231.958984375
-16255.8544921875
-15792.33984375
-14386.3818359375
-12783.0673828125
-11641.5673828125
-11294.802734375
-11649.90625
-12267.1884765625
-12582.2470703125
-12176.849609375
-10983.6455078125
-9336.4013671875
-7841.078125
-7117.9736328125
-7520.5732421875
-8949.5419921875
-10844.2734375
-12363.4921875
-12689.162109375
-11336.0947265625
-8344.8837890625
-4281.0087890625
-40.0302734375
3463.46484375
5599.4462890625
6199.5966796875
5543.1748046875
4167.4609375
2592.2734375
1082.9873046875
-442.3154296875
-2321.001953125
-4912.25390625
-8330.369140625
-12272.583984375
-16031.5244140625
-18703.4765625
-19516.7109375
-18146.810546875
-14884.1923828125
-10575.2763671875
-6350.38671875
-3240.138671875
-1829.9287109375
-2088.0498046875
-3432.1875
-5001.0625
-6014.2607421875
-6069.46484375
-5256.6611328125
-4050.2763671875
-3037.2607421875
-2609.7763671875
-2764.7978515625
-3103.6298828125
-3033.6611328125
-2082.3544921875
-179.916015625
2223.677734375
4273.037109375
5019.7802734375
3812.5859375
606.41796875
-3939.7998046875
-8625.7216796875
-12078.5283203125
-13193.728515625
-11486.6748046875
-7230.6171875
-1340.94921875
4939.130859375
10427.4736328125
14325.2998046875
16370.228515625
16790.9443359375
16111.4638671875
14902.3310546875
13580.9326171875
12326.7060546875
11119.125
9853.8291015625
8466.576171875
7003.3779296875
5610.078125
4456.841796875
3642.822265625
3131.4091796875
2747.47265625
2236.2294921875
1354.861328125
-44.2744140625
-1972.0771484375
-4313.5439453125
-6876.9453125
-9451.9033203125
-11847.599609375
-13897.16796875
-15434.9375
-16269.125
-16176.2158203125
-14933.34765625
-12386.4990234375
-8533.771484375
-3592.478515625
1979.7802734375
7527.298828125
12300.349609375
15601.4765625
16941.4150390625
16167.3681640625
13530.0791015625
9667.0810546875
5495.974609375
2031.5380859375
160.7392578125
425.955078125
2873.08203125
7012.9443359375
11919.8310546875
16454.177734375
19557.2509765625
20537.5732421875
19263.478515625
16199.103515625
12267.205078125
8577.44140625
6103.646484375
5411.5283203125
6521.34375
8943.8759765625
11869.0029296875
14435.9365234375
15991.1318359375
16251.2080078125
15328.18359375
13626.0751953125
11661.216796875
9878.06640625
8522.982421875
7607.587890625
6955.80859375
6300.2412109375
5383.9677734375
4033.509765625
2189.349609375
-99.369140625
-2698.7919921875
-5417.5458984375
-8031.2958984375
-10308.1572265625
-12040.638671875
-13083.435546875
-13385.9462890625
-13001.9248046875
-12062.6337890625
-10715.009765625
-9046.3671875
-7031.3271484375
-4535.3251953125
-1389.189453125
2482.916015625
6930.6328125
11502.076171875
15476.22265625
18016.078125
18406.9453125
16303.447265625
11894.8291015625
5918.712890625
-496.607421875
-6120.3125
-9948.1162109375
-11465.8076171875
-10762.3876953125
-8459.8916015625
-5489.4091796875
-2792.5380859375
-1047.06640625
-500.076171875
-949.3505859375
-1862.564453125
-2582.095703125
-2544.3427734375
-1448.771484375
663.3212890625
3429.1044921875
6265.9697265625
8521.810546875
9636.7685546875
9282.6015625
7452.1943359375
4479.384765625
979.390625
-2285.2978515625
-4589.7470703125
-5439.2978515625
-4716.0146484375
-2728.8935546875
-140.9169921875
2216.330078125
3589.837890625
3536.6591796875
2061.380859375
-390.4462890625
-3083.646484375
-5238.0927734375
-6280.5966796875
-6015.166015625
-4654.005859375
-2704.91796875
-764.9599609375
696.2412109375
1480.443359375
1682.0712890625
1588.4658203125
1509.0341796875
1608.8095703125
1815.474609375
1834.9169921875
1264.587890625
-244.162109375
-2839.12109375
-6388.736328125
-10494.779296875
-14583.7529296875
-18039.9501953125
-20336.888671875
-21135.06640625
-20333.5595703125
-18079.787109375
-14748.208984375
-10894.5830078125
-7184.2451171875
-4289.6279296875
-2759.7578125
-2881.3125
-4568.6650390625
-7327.6220703125
-10325.9013671875
-12572.99609375
-13172.4482421875
-11576.8388671875
-7765.0380859375
-2279.908203125
3892.265625
9567.0205078125
13656.7265625
15426.1572265625
14637.1416015625
11552.8623046875
6820.8203125
1289.24609375
-4178.169921875
-8840.5732421875
-12154.5546875
-13799.04296875
-13679.341796875
-11932.7861328125
-8936.78125
-5297.189453125
-1786.1083984375
788.9462890625
1771.3212890625
848.62109375
-1816.0908203125
-5577.826171875
-9454.0576171875
-12392.009765625
-13580.38671875
-12702.0263671875
-10037.009765625
-6374.5283203125
-2758.9306640625
-155.439453125
849.5400390625
211.4111328125
-1598.017578125
-3787.4091796875
-5536.69140625
-6274.162109375
-5842.9072265625
-4505.3671875
-2796.9970703125
-1294.4482421875
-390.798828125
-161.55859375
-366.11328125
-576.1982421875
-376.1279296875
444.5361328125
1779.474609375
3217.224609375
4173.0859375
4096.3681640625
2682.4951171875
17.697265625
-3394.6484375
-6740.2470703125
-9106.1416015625
-9739.7509765625
-8279.6875
-4889.0400390625
-247.37109375
4603.2763671875
8521.125
10565.58984375
10251.40234375
7680.8134765625
3511.7099609375
-1233.009765625
-5461.130859375
-8324.484375
-9454.9892578125
-9050.912109375
-7787.380859375
-6581.1806640625
-6286.7490234375
-7422.158203125
-10012.7802734375
-13599.87109375
-17405.3193359375
-20591.7861328125
-22527.2919921875
-22965.361328125
-22084.4853515625
-20381.787109375
-18466.69921875
-16833.2021484375
-15692.7177734375
-14923.98828125
-14151.5048828125
-12917.13671875
-10877.3642578125
-7952.001953125
-4370.78515625
-603.3505859375
2798.8310546875
5388.5634765625
6968.19140625
7641.298828125
7752.87109375
7740.5966796875
7952.0068359375
8494.3837890625
9172.9697265625
9542.18359375
9055.2626953125
7263.646484375
3999.8994140625
-517.1767578125
-5691.666015625
-10673.9169921875
-14562.81640625
-16628.4638671875
-16492.708984375
-14220.0556640625
-10299.306640625
-5527.23046875
-829.8388671875
2931.78125
5126.759765625
5459.7255859375
4002.6630859375
1156.2744140625
-2444.537109375
-6060.1181640625
-8986.98046875
-10686.359375
-10877.9677734375
-9580.7109375
-7090.6982421875
-3900.1943359375
-576.548828125
2367.111328125
4573.5615234375
5887.65234375
6338.1796875
6070.4541015625
5263.4365234375
4070.4384765625
2609.9775390625
1007.640625
-538.4775390625
-1713.435546875
-2103.2236328125
-1290.1767578125
996.4765625
4731.16796875
9512.4453125
14604.5478515625
19107.34375
22208.2373046875
23429.23828125
22774.5859375
20715.8779296875
18012.353515625
15429.9169921875
13465.712890625
12185.7685546875
11239.0810546875
10039.6923828125
8038.7919921875
4971.7939453125
977.42578125
-3457.4169921875
-7696.49609375
-11203.384765625
-13727.2138671875
-15343.0732421875
-16334.97265625
-16985.2392578125
-17380.611328125
-17339.083984375
-16503.984375
-14568.15625
-11520.619140625
-7785.474609375
-4162.2763671875
-1564.2978515625
-648.515625
-1493.826171875
-3480.3681640625
-5449.3505859375
-6107.5009765625
-4531.5693359375
-574.4072265625
4998.556640625
10712.841796875
14864.533203125
16099.9072265625
13876.4287109375
8632.5
1609.310546875
-5594.353515625
-11551.8212890625
-15416.38671875
-17063.07421875
-16939.443359375
-15724.1630859375
-13966.3037109375
-11872.2265625
-9325.955078125
-6111.7333984375
-2208.5732421875
2008.5517578125
5781.439453125
8211.8779296875
8636.71875
6963.5380859375
3800.7626953125
299.1298828125
-2252.90625
-2924.31640625
-1522.607421875
1304.791015625
4302.427734375
6086.857421875
5683.9638671875
2905.892578125
-1585.435546875
-6551.9404296875
-10674.376953125
-13062.44921875
-13570.3955078125
-12793.1640625
-11754.578125
-11428.5478515625
-12302.3251953125
-14168.935546875
-16234.427734375
-17488.7783203125
-17175.8193359375
-15155.7236328125
-12000.6865234375
-8779.6005859375
-6621.2109375
-6240.5068359375
-7629.59375
-10045.63671875
-12304.0693359375
-13257.8515625
-12266.48828125
-9463.4912109375
-5714.8349609375
-2287.8173828125
-366.4130859375
-607.7197265625
-2911.759765625
-6485.1572265625
-10158.1005859375
-12814.6083984375
-13759.0654296875
-12880.193359375
-10568.0126953125
-7447.3623046875
-4066.1728515625
-686.62890625
2729.8056640625
6349.5390625
10204.7734375
13986.6455078125
17016.0078125
18433.2177734375
17543.818359375
14175.6123046875
8882.13671875
2879.6787109375
-2289.60546875
-5260.37890625
-5327.7392578125
-2722.6142578125
1437.5654296875
5517.5576171875
7924.0615234375
7653.7421875
4630.443359375
-286.96484375
-5619.9111328125
-9782.935546875
-11600.8291015625
-10645.8984375
-7290.0234375
-2480.521484375
2648.28515625
7164.5869140625
10583.6826171875
12895.607421875
14400.03125
15449.9052734375
16232.744140625
16688.05859375
16588.43359375
15733.2158203125
14152.3515625
12214.439453125
10576.9619140625
9986.90234375
11005.939453125
13768.369140625
17869.466796875
22433.1318359375
26341.654296875
28553.3466796875
28406.0380859375
25813.140625
21297.2314453125
15857.41015625
10713.1689453125
6996.2373046875
5468.76171875
6334.078125
9182.2685546875
13082.9296875
16806.8671875
19129.8759765625
19149.4208984375
16534.603515625
11637.8017578125
5426.0341796875
-761.9404296875
-5572.8525390625
-8008.765625
-7695.9677734375
-4966.3427734375
-724.9599609375
3848.7841796875
7660.166015625
9991.8828125
10632.974609375
9813.71484375
7995.16796875
5619.083984375
2934.1591796875
-26.7109375
-3318.5927734375
-6881.486328125
-10377.66796875
-13170.53515625
-14481.7314453125
-13677.142578125
-10563.6103515625
-5559.9658203125
350.6484375
5891.5498046875
9894.66015625
11681.1484375
11269.935546875
9329.9599609375
6895.822265625
4962.9462890625
4126.337890625
4405.568359375
5317.271484375
6150.685546875
6317.5068359375
5620.49609375
4326.525390625
3019.62109375
2307.86328125
2521.5849609375
3542.046875
4840.0908203125
5710.341796875
5599.7509765625
4386.9306640625
2488.1318359375
737.4560546875
81.845703125
1206.841796875
4237.11328125
8627.0791015625
13285.3642578125
16891.837890625
18299.873046875
16891.5205078125
12774.412109375
6764.552734375
166.9404296875
-5576.3056640625
-9268.1572265625
-10264.9853515625
-8631.236328125
-5102.6845703125
-869.5859375
2762.8193359375
4745.1259765625
4581.41015625
2463.228515625
-808.48828125
-4099.3779296875
-6334.705078125
-6881.423828125
-5783.5634765625
-3756.8388671875
-1930.1865234375
-1417.04296875
-2871.009765625
-6197.5556640625
-10543.1630859375
-14580.4873046875
-16990.955078125
-16962.3017578125
-14504.8115234375
-10456.15234375
-6166.7216796875
-2986.671875
-1758.0927734375
-2515.3642578125
-4511.955078125
-6557.3525390625
-7520.15625
-6786.8154296875
-4488.5126953125
-1410.8212890625
1362.732421875
2910.8515625
2838.0009765625
1391.388671875
-704.015625
-2601.53125
-3707.95703125
-3905.720703125
-3528.3486328125
-3115.392578125
-3077.5517578125
-3443.5263671875
-3818.787109375
-3582.537109375
-2231.9208984375
292.8759765625
3466.654296875
6304.255859375
7715.0703125
6941.8818359375
3895.138671875
-765.8720703125
-5846.2099609375
-10037.8798828125
-12377.80078125
-12554.3466796875
-10943.9345703125
-8377.041015625
-5747.708984375
-3641.7138671875
-2140.9580078125
-875.7880859375
716.6875
3059.98828125
6189.9501953125
9703.662109375
12923.7939453125
15196.900390625
16185.07421875
16016.6220703125
15228.1123046875
14525.32421875
14470.8017578125
15235.9345703125
16524.2958984375
17696.6484375
18041.56640625
17076.85546875
14759.09375
11521.8369140625
8135.30859375
5449.50390625
4120.650390625
4415.998046875
6151.7431640625
8764.927734375
11476.41015625
13483.8515625
14132.201171875
13033.1357421875
10128.2822265625
5702.35546875
350.044921875
-5107.107421875
-9758.7744140625
-12791.0029296875
-13686.484375
-12384.353515625
-9336.9482421875
-5420.9853515625
-1706.146484375
860.16015625
1750.58203125
1028.7451171875
-680.67578125
-2427.3505859375
-3302.0244140625
-2803.95703125
-1068.7451171875
1139.287109375
2681.4638671875
2463.6435546875
-129.333984375
-4945.7333984375
-11040.189453125
-16930.9677734375
-21061.0595703125
-22306.810546875
-20356.994140625
-15828.0830078125
-10072.9208984375
-4747.40234375
-1284.5146484375
-456.8515625
-2176.0537109375
-5592.2978515625
-9449.58203125
-12561.658203125
-14231.91015625
-14463.521484375
-13885.9228515625
-13430.923828125
-13887.69921875
-15513.8330078125
-17860.7431640625
-19891.552734375
-20356.5625
-18288.40625
-13425.8779296875
-6394.8671875
1437.8095703125
8398.056640625
13072.6943359375
14801.3994140625
13903.9580078125
11551.15625
9323.001953125
8619.568359375
10148.962890625
13688.6796875
18210.224609375
22313.66796875
24795.6025390625
25121.0537109375
23609.4609375
21261.8681640625
19303.83984375
18636.12890625
19424.197265625
21001.513671875
22132.572265625
21532.505859375
18432.2802734375
12956.5263671875
6154.408203125
-337.2548828125
-4871.626953125
-6386.7568359375
-4787.5703125
-969.8349609375
3517.8173828125
7037.7578125
8434.130859375
7396.92578125
4494.212890625
880.8876953125
-2184.1376953125
-3814.8583984375
-3787.208984375
-2544.0556640625
-937.884765625
165.4833984375
252.8525390625
-646.09375
-2009.9326171875
-3083.638671875
-3229.419921875
-2225.7451171875
-397.369140625
1471.009765625
2402.33203125
1577.1982421875
-1356.0927734375
-6113.5888671875
-11799.5361328125
-17109.2216796875
-20646.552734375
-21265.9765625
-18350.6064453125
-11962.8818359375
-2839.93359375
7757.673828125
18305.3359375
27323.75390625
33671.6845703125
36758.8828125
36631.4873046875
33909.033203125
29587.16796875
24755.8525390625
20308.9609375
16728.0087890625
14004.5390625
11725.13671875
9291.1435546875
6198.861328125
2282.3623046875
-2169.779296875
-6471.2119140625
-9754.95703125
-11279.171875
-10714.0595703125
-8304.1513671875
-4840.16015625
-1440.0576171875
792.8740234375
1121.0537109375
-588.267578125
-3820.65625
-7586.7255859375
-10751.8017578125
-12409.9541015625
-12172.951171875
-10274.4775390625
-7455.87109375
-4678.291015625
-2768.8564453125
-2131.6796875
-2629.5263671875
-3676.7607421875
-4503.4013671875
-4483.9951171875
-3399.5205078125
-1526.37109375
485.2666015625
1896.5166015625
2213.23046875
1429.123046875
72.1279296875
-975.8310546875
-823.6171875
1052.166015625
4549.7568359375
8914.6357421875
12964.431640625
15489.0810546875
15677.005859375
13403.8671875
9271.5126953125
4381.6103515625
-67.1865234375
-3200.4013671875
-4743.431640625
-5048.947265625
-4875.7890625
-5021.060546875
-5965.5595703125
-7682.9970703125
-9689.5224609375
-11303.4873046875
-11991.892578125
-11640.6943359375
-10619.0244140625
-9599.57421875
-9209.4853515625
-9669.056640625
-10591.443359375
-11055.2978515625
-9947.3876953125
-6451.1279296875
-481.9736328125
7123.578125
14770.4296875
20586.1318359375
23056.5029296875
21579.59375
16722.3076171875
10070.8095703125
3718.4091796875
-426.90625
-1263.8876953125
1175.4453125
5804.5693359375
10922.9052734375
14840.80859375
16450.7236328125
15539.4384765625
12747.716796875
9225.74609375
6147.4765625
4288.873046875
3830.8701171875
4439.798828125
5554.8818359375
6727.1552734375
7842.17578125
9122.95703125
10919.1025390625
13393.4111328125
16270.5556640625
18789.4619140625
19910.990234375
18714.6005859375
14823.82421875
8673.3095703125
1484.14453125
-5071.1318359375
-9403.9921875
-10547.83984375
-8490.6416015625
-4169.259765625
877.263671875
5064.8935546875
7319.2783203125
7417.2548828125
5990.4521484375
4201.0869140625
3229.0830078125
3781.0849609375
5817.8359375
8603.6572265625
11049.0439453125
12198.826171875
11661.3955078125
9800.9697265625
7612.7421875
6329.4375
6915.6748046875
9651.0546875
13967.947265625
18610.7724609375
22060.046875
23064.7734375
21087.861328125
16504.05859375
10482.6005859375
4600.966796875
329.3349609375
-1435.0458984375
-629.2939453125
1995.1953125
5152.990234375
7458.673828125
7864.978515625
5964.8984375
2072.609375
-2923.6884765625
-7870.169921875
-11704.6962890625
-13745.8974609375
-13830.6103515625
-12274.4287109375
-9691.2607421875
-6751.51171875
-3971.009765625
-1601.796875
349.423828125
2001.5009765625
3443.2177734375
4618.736328125
5310.1376953125
5228.2021484375
4171.673828125
2179.9072265625
-399.8203125
-2977.275390625
-4907.4423828125
-5735.50390625
-5398.8125
-4293.595703125
-3163.0732421875
-2836.0283203125
-3910.9248046875
-6510.767578125
-10212.1904296875
-14184.533203125
-17487.5966796875
-19407.6357421875
-19691.4580078125
-18579.7451171875
-16627.5478515625
-14395.5869140625
-12157.5361328125
-9766.0595703125
-6751.6435546875
-2621.0537109375
2776.3759765625
8990.345703125
14960.466796875
19295.611328125
20752.994140625
18730.642578125
13565.154296875
6494.6630859375
-720.505859375
-6385.0869140625
-9439.2421875
-9789.2783203125
-8271.3388671875
-6270.1953125
-5155.216796875
-5766.07421875
-8151.884765625
-11652.9580078125
-15265.15625
-18109.0166015625
-19790.32421875
-20499.322265625
-20822.5712890625
-21375.3818359375
-22442.419921875
-23803.88671875
-24831.064453125
-24802.9140625
-23287.3984375
-20398.0869140625
-16794.0966796875
-13412.5595703125
-11050.9384765625
-9991.384765625
-9845.4453125
-9700.3017578125
-8511.654296875
-5575.5791015625
-873.7841796875
4859.201171875
10377.20703125
14369.23046875
15923.9794921875
14823.734375
11560.86328125
7094.4072265625
2472.9716796875
-1504.9091796875
-4457.578125
-6374.0029296875
-7420.123046875
-7728.40234375
-7295.43359375
-6041.7763671875
-3990.7119140625
-1449.2119140625
936.3046875
2317.84375
1945.314453125
-496.3203125
-4672.3359375
-9625.1044921875
-14059.4697265625
-16786.154296875
-17145.3330078125
-15232.8232421875
-11831.9443359375
-8079.90625
-5012.2861328125
-3180.53515625
-2502.208984375
-2397.640625
-2138.3994140625
-1240.216796875
282.29296875
1914.072265625
2887.2451171875
2558.970703125
741.6015625
-2169.5556640625
-5332.0732421875
-7796.83203125
-8901.998046875
-8546.4541015625
-7223.6884765625
-5803.7099609375
-5160.1640625
-5803.796875
-7675.4423828125
-10178.2822265625
-12425.251953125
-13589.8671875
-13214.0576171875
-11355.970703125
-8536.1708984375
-5525.669921875
-3076.060546875
-1699.412109375
-1566.6416015625
-2531.7978515625
-4237.3671875
-6235.55078125
-8076.7421875
-9354.2587890625
-9729.0283203125
-8968.61328125
-7016.07421875
-4068.0380859375
-611.3671875
2634.4619140625
4889.4287109375
5563.8955078125
4500.7861328125
2101.7626953125
-741.1943359375
-2916.3017578125
-3485.9111328125
-2061.408203125
993.8388671875
4633.1923828125
7467.0244140625
8266.1435546875
6447.1669921875
2353.2001953125
-2789.4296875
-7240.90234375
-9324.4599609375
-8009.46484375
-3292.8564453125
3760.2412109375
11335.88671875
17442.7265625
20540.1005859375
20010.4755859375
16321.943359375
10836.8779296875
5344.638671875
1486.173828125
266.1689453125
1807.216796875
5408.220703125
9861.0419921875
13894.28515625
16580.0595703125
17567.341796875
17080.6103515625
15714.5361328125
14129.359375
12780.109375
11787.02734375
10986.7802734375
10122.775390625
9071.908203125
7989.60546875
7292.125
7469.59765625
8804.390625
11121.9404296875
13700.83203125
15412.5615234375
15069.2978515625
11866.8095703125
5757.7275390625
-2398.4404296875
-10988.458984375
-18071.853515625
-21947.3046875
-21668.837890625
-17335.29296875
-10055.8837890625
-1609.2431640625
6080.8740234375
11473.0869140625
13770.2978515625
13018.8720703125
9948.453125
5644.3408203125
1188.0751953125
-2611.24609375
-5329.7822265625
-6892.9267578125
-7452.2099609375
-7253.4619140625
-6552.4599609375
-5590.744140625
-4604.84375
-3827.15625
-3451.361328125
-3568.33984375
-4108.7568359375
-4836.67578125
-5418.099609375
-5548.8017578125
-5088.556640625
-4135.3740234375
-2994.09765625
-2041.396484375
-1541.7666015625
-1499.9775390625
-1626.91796875
-1448.64453125
-522.5849609375
1329.220703125
3875.8681640625
6496.125
8365.9609375
8747.712890625
7267.3466796875
4068.7939453125
-215.115234375
-4659.740234375
-8331.1630859375
-10542.7685546875
-10995.353515625
-9768.86328125
-7201.015625
-3731.7255859375
207.0078125
4215.9287109375
7885.62890625
10747.4423828125
12285.8076171875
12044.2666015625
9797.9716796875
5714.232421875
408.3623046875
-5163.3671875
-9961.59375
-13186.580078125
-14538.98828125
-14306.822265625
-13234.50390625
-12222.126953125
-11977.6689453125
-12766.7587890625
-14361.7412109375
-16202.248046875
-17684.0341796875
-18435.8193359375
-18452.8984375
-18028.01171875
-17521.365234375
-17094.4326171875
-16555.4267578125
-15414.39453125
-13143.662109375
-9531.689453125
-4957.234375
-428.37890625
2675.2275390625
3087.0947265625
184.4287109375
-5656.3056640625
-13045.6298828125
-19946.9052734375
-24307.828125
-24732.4365234375
-20945.6875
-13878.9140625
-5349.0224609375
2542.1591796875
8061.720703125
10318.1318359375
9401.9697265625
6182.28515625
1878.3671875
-2400.2255859375
-5964.6220703125
-8613.4912109375
-10477.5712890625
-11758.5234375
-12511.6484375
-12582.8046875
-11721.4267578125
-9797.8642578125
-6998.5732421875
-3881.705078125
-1242.6513671875
168.0537109375
-43.0341796875
-1709.875
-4113.5205078125
-6210.51953125
-7001.9609375
-5901.1015625
-2955.486328125
1163.3466796875
5397.9892578125
8678.771484375
10291.83203125
10108.3076171875
8599.2939453125
6643.47265625
5207.5263671875
5016.8125
6325.3330078125
8848.7548828125
11863.8173828125
14425.9775390625
15630.80078125
14846.541015625
11867.3115234375
6964.6083984375
838.4716796875
-5515.99609375
-11002.9794921875
-14650.1240234375
-15822.337890625
-14376.9150390625
-10712.6328125
-5683.056640625
-379.8564453125
4163.31640625
7258.87109375
8747.080078125
8999.9677734375
8734.9453125
8698.380859375
9335.93359375
10581.15234375
11855.6708984375
12294.0224609375
11113.9970703125
7987.486328125
3256.8330078125
-2104.1396484375
-6785.931640625
-9592.234375
-9870.8359375
-7756.0087890625
-4122.4638671875
-264.3408203125
2577.20703125
3653.4287109375
2944.1767578125
1104.5556640625
-845.9873046875
-1956.7421875
-1720.57421875
-241.310546875
1862.8466796875
3763.259765625
4790.9814453125
4711.6044921875
3793.8525390625
2657.55859375
1984.7509765625
2233.140625
3480.7412109375
5460.8662109375
7752.5185546875
10017.29296875
12155.099609375
14295.7841796875
16630.1103515625
19169.734375
21569.642578125
23125.2783203125
22978.345703125
20464.9912109375
15464.2802734375
8589.7607421875
1121.8779296875
-5318.2236328125
-9246.4501953125
-9773.5859375
-6877.201171875
-1393.767578125
5255.591796875
11495.4892578125
16025.2373046875
18106.84765625
17642.2919921875
15057.6669921875
11077.9658203125
6495.9892578125
2011.28125
-1839.056640625
-4685.328125
-6314.12890625
-6674.6630859375
-5900.3447265625
-4312.2265625
-2365.7607421875
-529.271484375
872.7333984375
1782.49609375
2426.9521484375
3198.7822265625
4434.7060546875
6185.9765625
8097.8251953125
9479.794921875
9566.984375
7877.978515625
4513.736328125
246.8115234375
-3672.923828125
-5950.0146484375
-5755.220703125
-3108.7919921875
1036.787109375
5072.548828125
7279.7265625
6444.6982421875
2305.572265625
-4342.5048828125
-11920.748046875
-18606.2294921875
-22923.8671875
-24166.951171875
-22504.2783203125
-18767.91796875
-14044.798828125
-9262.5048828125
-4939.380859375
-1176.30859375
2151.2041015625
5130.634765625
7629.3564453125
9286.453125
9677.427734375
8558.375
6055.2880859375
2692.2451171875
-766.4482421875
-3591.7685546875
-5355.5
-6061.6982421875
-6083.923828125
-5940.8798828125
-6019.7109375
-6380.134765625
-6732.96484375
-6602.9912109375
-5598.61328125
-3659.9921875
-1166.60546875
1151.7373046875
2469.2158203125
2181.0986328125
156.173828125
-3173.486328125
-6916.12109375
-9974.35546875
-11357.94921875
-10455.1611328125
-7191.2041015625
-2048.4501953125
4035.900390625
9857.19140625
14175.9443359375
15962.365234375
14621.55078125
10161.435546875
3256.58984375
-4835.6064453125
-12522.2255859375
-18250.0576171875
-20915.984375
-20183.2060546875
-16583.4814453125
-11347.4326171875
-6001.716796875
-1865.4521484375
373.03515625
840.5302734375
355.4296875
49.533203125
890.884765625
3301.091796875
7015.609375
11227.306640625
14930.94140625
17304.6630859375
17960.9833984375
16973.6025390625
14700.9765625
11526.05078125
7665.6416015625
3156.177734375
-1981.0302734375
-7498.7119140625
-12764.2939453125
-16809.6416015625
-18614.11328125
-17518.361328125
-13580.087890625
-7684.8779296875
-1321.646484375
3917.4267578125
6917.623046875
7455.0771484375
6253.814453125
4647.1103515625
3978.7724609375
5000.2021484375
7527.349609375
10511.134765625
12493.3173828125
12248.720703125
9331.71484375
4288.0927734375
-1556.9306640625
-6635.96875
-9762.595703125
-10570.1962890625
-9587.05078125
-7936.0771484375
-6813.98046875
-6993.3671875
-8565.0693359375
-11013.353515625
-13556.4951171875
-15565.970703125
-16853.943359375
-17697.5595703125
-18607.115234375
-19973.5634765625
-21786.419921875
-23571.029296875
-24578.484375
-24131.8583984375
-21954.197265625
-18314.8896484375
-13924.16015625
-9632.1083984375
-6084.380859375
-3503.3994140625
-1694.8271484375
-260.32421875
1108.8232421875
2421.841796875
3378.81640625
3567.1220703125
2754.650390625
1111.6904296875
-776.2509765625
-2135.9775390625
-2376.251953125
-1416.0625
206.4287109375
1523.54296875
1559.6630859375
-203.6533203125
-3542.1513671875
-7532.1513671875
-10920.7509765625
-12663.9306640625
-12386.873046875
-10549.529296875
-8234.232421875
-6649.421875
-6579.875
-8042.4482421875
-10311.34375
-12301.5107421875
-13126.1865234375
-12557.9541015625
-11165.3134765625
-10050.228515625
-10304.2880859375
-12440.0966796875
-16072.5390625
-20011.044921875
-22731.3916015625
-23014.9609375
-20461.2314453125
-15636.044921875
-9788.2646484375
-4270.8369140625
57.7080078125
3166.03515625
5758.9267578125
8808.4267578125
12937.716796875
17964.7216796875
22842.7451171875
26050.486328125
26269.1669921875
23040.7646484375
17097.080078125
10188.7177734375
4463.8779296875
1649.1123046875
2376.1708984375
5939.44921875
10584.4638671875
14202.1826171875
15136.6337890625
12775.7783203125
7700.0986328125
1358.685546875
-4560.140625
-8782.98828125
-10863.4521484375
-11211.568359375
-10775.2880859375
-10551.751953125
-11157.345703125
-12630.8291015625
-14518.794921875
-16161.1826171875
-17017.4833984375
-16880.8662109375
-15904.38671875
-14465.3857421875
-12967.982421875
-11696.0078125
-10780.5341796875
-10269.6083984375
-10227.318359375
-10777.54296875
-12048.8212890625
-14045.3330078125
-16524.6220703125
-18972.267578125
-20719.4921875
-21173.53515625
-20062.9150390625
-17578.140625
-14327.6708984375
-11112.642578125
-8611.7685546875
-7115.9296875
-6434.56640625
-6019.3544921875
-5250.0478515625
-3750.9658203125
-1591.0146484375
726.46875
2480.669921875
3058.615234375
2242.0673828125
329.251953125
-1957.8564453125
-3732.9970703125
-4253.609375
-3146.798828125
-471.1142578125
3385.5703125
7897.2236328125
12574.326171875
17041.9501953125
21006.13671875
24161.73828125
26129.5146484375
26492.8388671875
24944.1015625
21480.111328125
16542.8740234375
11012.060546875
6016.4306640625
2615.42578125
1468.2802734375
2623.060546875
5512.884765625
9160.9404296875
12509.2529296875
14738.296875
15456.876953125
14706.6796875
12811.4013671875
10165.4384765625
7072.0712890625
3701.5
167.5849609375
-3343.88671875
-6489.40234375
-8793.1748046875
-9789.3681640625
